0.0,16391	0	0	0	4097.75
0.0,16391	0	0	0	4097.75
0.0,16391	0	0	0	4097.75
0.0,16391	0	0	0	4097.75
0.0,16391	0	0	0	4097.75
0.0,16391	0	0	0	4097.75
0.0,16391	0	0	0	4097.75
0.0,16391	0	0	0	4097.75
0.0,16391	0	0	0	4097.75
0.0,16391	0	0	0	4097.75
1.01534342766,16499	0	0	0	4124.75
1.01534342766,16499	0	0	0	4124.75
1.01534342766,16499	0	0	0	4124.75
1.01534342766,16499	0	0	0	4124.75
1.01534342766,16499	0	0	0	4124.75
1.01534342766,16499	0	0	0	4124.75
1.01534342766,16499	0	0	0	4124.75
1.01534342766,16499	0	0	0	4124.75
1.01534342766,16499	0	0	0	4124.75
1.01534342766,16499	0	0	0	4124.75
2.02457380295,15552	0	0	0	3888.0
2.02457380295,15552	0	0	0	3888.0
2.02457380295,15552	0	0	0	3888.0
2.02457380295,15552	0	0	0	3888.0
2.02457380295,15552	0	0	0	3888.0
2.02457380295,15552	0	0	0	3888.0
2.02457380295,15552	0	0	0	3888.0
2.02457380295,15552	0	0	0	3888.0
2.02457380295,15552	0	0	0	3888.0
2.02457380295,15552	0	0	0	3888.0
3.03503704071,14502	0	0	0	3625.5
3.03503704071,14502	0	0	0	3625.5
3.03503704071,14502	0	0	0	3625.5
3.03503704071,14502	0	0	0	3625.5
3.03503704071,14502	0	0	0	3625.5
3.03503704071,14502	0	0	0	3625.5
3.03503704071,14502	0	0	0	3625.5
3.03503704071,14502	0	0	0	3625.5
3.03503704071,14502	0	0	0	3625.5
3.03503704071,14502	0	0	0	3625.5
4.03969931602,13931	0	0	0	3482.75
4.03969931602,13931	0	0	0	3482.75
4.03969931602,13931	0	0	0	3482.75
4.03969931602,13931	0	0	0	3482.75
4.03969931602,13931	0	0	0	3482.75
4.03969931602,13931	0	0	0	3482.75
4.03969931602,13931	0	0	0	3482.75
4.03969931602,13931	0	0	0	3482.75
4.03969931602,13931	0	0	0	3482.75
4.03969931602,13931	0	0	0	3482.75
5.04090166092,13422	0	0	0	3355.5
5.04090166092,13422	0	0	0	3355.5
5.04090166092,13422	0	0	0	3355.5
5.04090166092,13422	0	0	0	3355.5
5.04090166092,13422	0	0	0	3355.5
5.04090166092,13422	0	0	0	3355.5
5.04090166092,13422	0	0	0	3355.5
5.04090166092,13422	0	0	0	3355.5
5.04090166092,13422	0	0	0	3355.5
5.04090166092,13422	0	0	0	3355.5
5.04090166092,13422	0	0	0	3355.5
6.06068086624,13065	0	0	0	3266.25
6.06068086624,13065	0	0	0	3266.25
6.06068086624,13065	0	0	0	3266.25
6.06068086624,13065	0	0	0	3266.25
6.06068086624,13065	0	0	0	3266.25
6.06068086624,13065	0	0	0	3266.25
6.06068086624,13065	0	0	0	3266.25
6.06068086624,13065	0	0	0	3266.25
6.06068086624,13065	0	0	0	3266.25
7.06391263008,12711	0	0	0	3177.75
7.06391263008,12711	0	0	0	3177.75
7.06391263008,12711	0	0	0	3177.75
7.06391263008,12711	0	0	0	3177.75
7.06391263008,12711	0	0	0	3177.75
7.06391263008,12711	0	0	0	3177.75
7.06391263008,12711	0	0	0	3177.75
7.06391263008,12711	0	0	0	3177.75
7.06391263008,12711	0	0	0	3177.75
7.06391263008,12711	0	0	0	3177.75
7.06391263008,12711	0	0	0	3177.75
8.08889293671,12460	0	0	0	3115.0
8.08889293671,12460	0	0	0	3115.0
8.08889293671,12460	0	0	0	3115.0
8.08889293671,12460	0	0	0	3115.0
8.08889293671,12460	0	0	0	3115.0
8.08889293671,12460	0	0	0	3115.0
8.08889293671,12460	0	0	0	3115.0
8.08889293671,12460	0	0	0	3115.0
8.08889293671,12460	0	0	0	3115.0
8.08889293671,12460	0	0	0	3115.0
9.09765386581,12198	0	0	0	3049.5
9.09765386581,12198	0	0	0	3049.5
9.09765386581,12198	0	0	0	3049.5
9.09765386581,12198	0	0	0	3049.5
9.09765386581,12198	0	0	0	3049.5
9.09765386581,12198	0	0	0	3049.5
9.09765386581,12198	0	0	0	3049.5
9.09765386581,12198	0	0	0	3049.5
9.09765386581,12198	0	0	0	3049.5
9.09765386581,12198	0	0	0	3049.5
10.1041903496,11977	0	0	0	2994.25
10.1041903496,11977	0	0	0	2994.25
10.1041903496,11977	0	0	0	2994.25
10.1041903496,11977	0	0	0	2994.25
10.1041903496,11977	0	0	0	2994.25
10.1041903496,11977	0	0	0	2994.25
10.1041903496,11977	0	0	0	2994.25
10.1041903496,11977	0	0	0	2994.25
10.1041903496,11977	0	0	0	2994.25
10.1041903496,11977	0	0	0	2994.25
11.1159384251,11689	0	0	0	2922.25
11.1159384251,11689	0	0	0	2922.25
11.1159384251,11689	0	0	0	2922.25
11.1159384251,11689	0	0	0	2922.25
11.1159384251,11689	0	0	0	2922.25
11.1159384251,11689	0	0	0	2922.25
11.1159384251,11689	0	0	0	2922.25
11.1159384251,11689	0	0	0	2922.25
11.1159384251,11689	0	0	0	2922.25
11.1159384251,11689	0	0	0	2922.25
12.1160058975,11435	0	0	0	2858.75
12.1160058975,11435	0	0	0	2858.75
12.1160058975,11435	0	0	0	2858.75
12.1160058975,11435	0	0	0	2858.75
12.1160058975,11435	0	0	0	2858.75
12.1160058975,11435	0	0	0	2858.75
12.1160058975,11435	0	0	0	2858.75
12.1160058975,11435	0	0	0	2858.75
12.1160058975,11435	0	0	0	2858.75
12.1160058975,11435	0	0	0	2858.75
13.1318347454,11407	0	0	0	2851.75
13.1318347454,11407	0	0	0	2851.75
13.1318347454,11407	0	0	0	2851.75
13.1318347454,11407	0	0	0	2851.75
13.1318347454,11407	0	0	0	2851.75
13.1318347454,11407	0	0	0	2851.75
13.1318347454,11407	0	0	0	2851.75
13.1318347454,11407	0	0	0	2851.75
13.1318347454,11407	0	0	0	2851.75
13.1318347454,11407	0	0	0	2851.75
14.1416020393,11254	0	0	0	2813.5
14.1416020393,11254	0	0	0	2813.5
14.1416020393,11254	0	0	0	2813.5
14.1416020393,11254	0	0	0	2813.5
14.1416020393,11254	0	0	0	2813.5
14.1416020393,11254	0	0	0	2813.5
14.1416020393,11254	0	0	0	2813.5
14.1416020393,11254	0	0	0	2813.5
14.1416020393,11254	0	0	0	2813.5
14.1416020393,11254	0	0	0	2813.5
15.142603159,11038	0	0	0	2759.5
15.142603159,11038	0	0	0	2759.5
15.142603159,11038	0	0	0	2759.5
15.142603159,11038	0	0	0	2759.5
15.142603159,11038	0	0	0	2759.5
15.142603159,11038	0	0	0	2759.5
15.142603159,11038	0	0	0	2759.5
15.142603159,11038	0	0	0	2759.5
15.142603159,11038	0	0	0	2759.5
15.142603159,11038	0	0	0	2759.5
15.142603159,11038	0	0	0	2759.5
16.160507679,10965	0	0	0	2741.25
16.160507679,10965	0	0	0	2741.25
16.160507679,10965	0	0	0	2741.25
16.160507679,10965	0	0	0	2741.25
16.160507679,10965	0	0	0	2741.25
16.160507679,10965	0	0	0	2741.25
16.160507679,10965	0	0	0	2741.25
16.160507679,10965	0	0	0	2741.25
16.160507679,10965	0	0	0	2741.25
16.160507679,10965	0	0	0	2741.25
17.1680562496,10813	0	0	0	2703.25
17.1680562496,10813	0	0	0	2703.25
17.1680562496,10813	0	0	0	2703.25
17.1680562496,10813	0	0	0	2703.25
17.1680562496,10813	0	0	0	2703.25
17.1680562496,10813	0	0	0	2703.25
17.1680562496,10813	0	0	0	2703.25
17.1680562496,10813	0	0	0	2703.25
17.1680562496,10813	0	0	0	2703.25
17.1680562496,10813	0	0	0	2703.25
18.1812393665,10825	0	0	0	2706.25
18.1812393665,10825	0	0	0	2706.25
18.1812393665,10825	0	0	0	2706.25
18.1812393665,10825	0	0	0	2706.25
18.1812393665,10825	0	0	0	2706.25
18.1812393665,10825	0	0	0	2706.25
18.1812393665,10825	0	0	0	2706.25
18.1812393665,10825	0	0	0	2706.25
18.1812393665,10825	0	0	0	2706.25
