0.0,15205	0	0	0	3801.25
0.0,15205	0	0	0	3801.25
0.0,15205	0	0	0	3801.25
0.0,15205	0	0	0	3801.25
0.0,15205	0	0	0	3801.25
0.0,15205	0	0	0	3801.25
0.0,15205	0	0	0	3801.25
0.0,15205	0	0	0	3801.25
0.0,15205	0	0	0	3801.25
0.0,15205	0	0	0	3801.25
1.00924181938,15285	0	0	0	3821.25
1.00924181938,15285	0	0	0	3821.25
1.00924181938,15285	0	0	0	3821.25
1.00924181938,15285	0	0	0	3821.25
1.00924181938,15285	0	0	0	3821.25
1.00924181938,15285	0	0	0	3821.25
1.00924181938,15285	0	0	0	3821.25
1.00924181938,15285	0	0	0	3821.25
1.00924181938,15285	0	0	0	3821.25
1.00924181938,15285	0	0	0	3821.25
2.02213120461,15404	0	0	0	3851.0
2.02213120461,15404	0	0	0	3851.0
2.02213120461,15404	0	0	0	3851.0
2.02213120461,15404	0	0	0	3851.0
2.02213120461,15404	0	0	0	3851.0
2.02213120461,15404	0	0	0	3851.0
2.02213120461,15404	0	0	0	3851.0
2.02213120461,15404	0	0	0	3851.0
2.02213120461,15404	0	0	0	3851.0
2.02213120461,15404	0	0	0	3851.0
3.02392911911,15651	0	0	0	3912.75
3.02392911911,15651	0	0	0	3912.75
3.02392911911,15651	0	0	0	3912.75
3.02392911911,15651	0	0	0	3912.75
3.02392911911,15651	0	0	0	3912.75
3.02392911911,15651	0	0	0	3912.75
3.02392911911,15651	0	0	0	3912.75
3.02392911911,15651	0	0	0	3912.75
3.02392911911,15651	0	0	0	3912.75
3.02392911911,15651	0	0	0	3912.75
4.03161716461,15959	0	0	0	3989.75
4.03161716461,15959	0	0	0	3989.75
4.03161716461,15959	0	0	0	3989.75
4.03161716461,15959	0	0	0	3989.75
4.03161716461,15959	0	0	0	3989.75
4.03161716461,15959	0	0	0	3989.75
4.03161716461,15959	0	0	0	3989.75
4.03161716461,15959	0	0	0	3989.75
4.03161716461,15959	0	0	0	3989.75
4.03161716461,15959	0	0	0	3989.75
5.04273533821,15228	0	0	0	3807.0
5.04273533821,15228	0	0	0	3807.0
5.04273533821,15228	0	0	0	3807.0
5.04273533821,15228	0	0	0	3807.0
5.04273533821,15228	0	0	0	3807.0
5.04273533821,15228	0	0	0	3807.0
5.04273533821,15228	0	0	0	3807.0
5.04273533821,15228	0	0	0	3807.0
5.04273533821,15228	0	0	0	3807.0
5.04273533821,15228	0	0	0	3807.0
5.04273533821,15228	0	0	0	3807.0
6.05658960342,16010	0	0	0	4002.5
6.05658960342,16010	0	0	0	4002.5
6.05658960342,16010	0	0	0	4002.5
6.05658960342,16010	0	0	0	4002.5
6.05658960342,16010	0	0	0	4002.5
6.05658960342,16010	0	0	0	4002.5
6.05658960342,16010	0	0	0	4002.5
6.05658960342,16010	0	0	0	4002.5
6.05658960342,16010	0	0	0	4002.5
6.05658960342,16010	0	0	0	4002.5
7.06733155251,15537	0	0	0	3884.25
7.06733155251,15537	0	0	0	3884.25
7.06733155251,15537	0	0	0	3884.25
7.06733155251,15537	0	0	0	3884.25
7.06733155251,15537	0	0	0	3884.25
7.06733155251,15537	0	0	0	3884.25
7.06733155251,15537	0	0	0	3884.25
7.06733155251,15537	0	0	0	3884.25
7.06733155251,15537	0	0	0	3884.25
7.06733155251,15537	0	0	0	3884.25
8.07618021965,15324	0	0	0	3831.0
8.07618021965,15324	0	0	0	3831.0
8.07618021965,15324	0	0	0	3831.0
8.07618021965,15324	0	0	0	3831.0
8.07618021965,15324	0	0	0	3831.0
8.07618021965,15324	0	0	0	3831.0
8.07618021965,15324	0	0	0	3831.0
8.07618021965,15324	0	0	0	3831.0
8.07618021965,15324	0	0	0	3831.0
8.07618021965,15324	0	0	0	3831.0
9.09119176865,15176	0	0	0	3794.0
9.09119176865,15176	0	0	0	3794.0
9.09119176865,15176	0	0	0	3794.0
9.09119176865,15176	0	0	0	3794.0
9.09119176865,15176	0	0	0	3794.0
9.09119176865,15176	0	0	0	3794.0
9.09119176865,15176	0	0	0	3794.0
9.09119176865,15176	0	0	0	3794.0
9.09119176865,15176	0	0	0	3794.0
9.09119176865,15176	0	0	0	3794.0
10.1043655872,15490	0	0	0	3872.5
10.1043655872,15490	0	0	0	3872.5
10.1043655872,15490	0	0	0	3872.5
10.1043655872,15490	0	0	0	3872.5
10.1043655872,15490	0	0	0	3872.5
10.1043655872,15490	0	0	0	3872.5
10.1043655872,15490	0	0	0	3872.5
10.1043655872,15490	0	0	0	3872.5
10.1043655872,15490	0	0	0	3872.5
10.1043655872,15490	0	0	0	3872.5
11.1309342384,15695	0	0	0	3923.75
11.1309342384,15695	0	0	0	3923.75
11.1309342384,15695	0	0	0	3923.75
11.1309342384,15695	0	0	0	3923.75
11.1309342384,15695	0	0	0	3923.75
11.1309342384,15695	0	0	0	3923.75
11.1309342384,15695	0	0	0	3923.75
11.1309342384,15695	0	0	0	3923.75
11.1309342384,15695	0	0	0	3923.75
11.1309342384,15695	0	0	0	3923.75
11.1309342384,15695	0	0	0	3923.75
12.1472902298,15468	0	0	0	3867.0
12.1472902298,15468	0	0	0	3867.0
12.1472902298,15468	0	0	0	3867.0
12.1472902298,15468	0	0	0	3867.0
12.1472902298,15468	0	0	0	3867.0
12.1472902298,15468	0	0	0	3867.0
12.1472902298,15468	0	0	0	3867.0
12.1472902298,15468	0	0	0	3867.0
12.1472902298,15468	0	0	0	3867.0
12.1472902298,15468	0	0	0	3867.0
13.1673269272,15371	0	0	0	3842.75
13.1673269272,15371	0	0	0	3842.75
13.1673269272,15371	0	0	0	3842.75
13.1673269272,15371	0	0	0	3842.75
13.1673269272,15371	0	0	0	3842.75
13.1673269272,15371	0	0	0	3842.75
13.1673269272,15371	0	0	0	3842.75
13.1673269272,15371	0	0	0	3842.75
13.1673269272,15371	0	0	0	3842.75
13.1673269272,15371	0	0	0	3842.75
14.1852281094,15609	0	0	0	3902.25
14.1852281094,15609	0	0	0	3902.25
14.1852281094,15609	0	0	0	3902.25
14.1852281094,15609	0	0	0	3902.25
14.1852281094,15609	0	0	0	3902.25
14.1852281094,15609	0	0	0	3902.25
14.1852281094,15609	0	0	0	3902.25
14.1852281094,15609	0	0	0	3902.25
14.1852281094,15609	0	0	0	3902.25
14.1852281094,15609	0	0	0	3902.25
15.1894583702,16243	0	0	0	4060.75
15.1894583702,16243	0	0	0	4060.75
15.1894583702,16243	0	0	0	4060.75
15.1894583702,16243	0	0	0	4060.75
15.1894583702,16243	0	0	0	4060.75
15.1894583702,16243	0	0	0	4060.75
15.1894583702,16243	0	0	0	4060.75
15.1894583702,16243	0	0	0	4060.75
15.1894583702,16243	0	0	0	4060.75
15.1894583702,16243	0	0	0	4060.75
16.1953511238,15724	0	0	0	3931.0
16.1953511238,15724	0	0	0	3931.0
16.1953511238,15724	0	0	0	3931.0
16.1953511238,15724	0	0	0	3931.0
16.1953511238,15724	0	0	0	3931.0
16.1953511238,15724	0	0	0	3931.0
16.1953511238,15724	0	0	0	3931.0
16.1953511238,15724	0	0	0	3931.0
16.1953511238,15724	0	0	0	3931.0
16.1953511238,15724	0	0	0	3931.0
17.2049689293,15599	0	0	0	3899.75
17.2049689293,15599	0	0	0	3899.75
17.2049689293,15599	0	0	0	3899.75
17.2049689293,15599	0	0	0	3899.75
17.2049689293,15599	0	0	0	3899.75
17.2049689293,15599	0	0	0	3899.75
17.2049689293,15599	0	0	0	3899.75
17.2049689293,15599	0	0	0	3899.75
17.2049689293,15599	0	0	0	3899.75
17.2049689293,15599	0	0	0	3899.75
18.2295577526,15553	0	0	0	3888.25
18.2295577526,15553	0	0	0	3888.25
18.2295577526,15553	0	0	0	3888.25
18.2295577526,15553	0	0	0	3888.25
18.2295577526,15553	0	0	0	3888.25
18.2295577526,15553	0	0	0	3888.25
18.2295577526,15553	0	0	0	3888.25
18.2295577526,15553	0	0	0	3888.25
18.2295577526,15553	0	0	0	3888.25
18.2295577526,15553	0	0	0	3888.25
18.2295577526,15553	0	0	0	3888.25
19.2341601849,15610	0	0	0	3902.5
19.2341601849,15610	0	0	0	3902.5
19.2341601849,15610	0	0	0	3902.5
19.2341601849,15610	0	0	0	3902.5
19.2341601849,15610	0	0	0	3902.5
19.2341601849,15610	0	0	0	3902.5
19.2341601849,15610	0	0	0	3902.5
19.2341601849,15610	0	0	0	3902.5
19.2341601849,15610	0	0	0	3902.5
19.2341601849,15610	0	0	0	3902.5
20.2519936562,15576	0	0	0	3894.0
20.2519936562,15576	0	0	0	3894.0
20.2519936562,15576	0	0	0	3894.0
20.2519936562,15576	0	0	0	3894.0
20.2519936562,15576	0	0	0	3894.0
20.2519936562,15576	0	0	0	3894.0
20.2519936562,15576	0	0	0	3894.0
20.2519936562,15576	0	0	0	3894.0
20.2519936562,15576	0	0	0	3894.0
21.2525465488,15604	0	0	0	3901.0
21.2525465488,15604	0	0	0	3901.0
21.2525465488,15604	0	0	0	3901.0
21.2525465488,15604	0	0	0	3901.0
21.2525465488,15604	0	0	0	3901.0
21.2525465488,15604	0	0	0	3901.0
21.2525465488,15604	0	0	0	3901.0
21.2525465488,15604	0	0	0	3901.0
21.2525465488,15604	0	0	0	3901.0
21.2525465488,15604	0	0	0	3901.0
21.2525465488,15604	0	0	0	3901.0
22.2561926842,15080	0	0	0	3770.0
22.2561926842,15080	0	0	0	3770.0
22.2561926842,15080	0	0	0	3770.0
22.2561926842,15080	0	0	0	3770.0
22.2561926842,15080	0	0	0	3770.0
22.2561926842,15080	0	0	0	3770.0
22.2561926842,15080	0	0	0	3770.0
22.2561926842,15080	0	0	0	3770.0
22.2561926842,15080	0	0	0	3770.0
22.2561926842,15080	0	0	0	3770.0
23.270639658,15331	0	0	0	3832.75
23.270639658,15331	0	0	0	3832.75
23.270639658,15331	0	0	0	3832.75
23.270639658,15331	0	0	0	3832.75
23.270639658,15331	0	0	0	3832.75
23.270639658,15331	0	0	0	3832.75
23.270639658,15331	0	0	0	3832.75
23.270639658,15331	0	0	0	3832.75
23.270639658,15331	0	0	0	3832.75
23.270639658,15331	0	0	0	3832.75
24.2723450661,15404	0	0	0	3851.0
24.2723450661,15404	0	0	0	3851.0
24.2723450661,15404	0	0	0	3851.0
24.2723450661,15404	0	0	0	3851.0
24.2723450661,15404	0	0	0	3851.0
24.2723450661,15404	0	0	0	3851.0
24.2723450661,15404	0	0	0	3851.0
24.2723450661,15404	0	0	0	3851.0
24.2723450661,15404	0	0	0	3851.0
24.2723450661,15404	0	0	0	3851.0
25.2879214287,15245	0	0	0	3811.25
25.2879214287,15245	0	0	0	3811.25
25.2879214287,15245	0	0	0	3811.25
25.2879214287,15245	0	0	0	3811.25
25.2879214287,15245	0	0	0	3811.25
25.2879214287,15245	0	0	0	3811.25
25.2879214287,15245	0	0	0	3811.25
25.2879214287,15245	0	0	0	3811.25
25.2879214287,15245	0	0	0	3811.25
25.2879214287,15245	0	0	0	3811.25
26.2920598984,15194	0	0	0	3798.5
26.2920598984,15194	0	0	0	3798.5
26.2920598984,15194	0	0	0	3798.5
26.2920598984,15194	0	0	0	3798.5
26.2920598984,15194	0	0	0	3798.5
26.2920598984,15194	0	0	0	3798.5
26.2920598984,15194	0	0	0	3798.5
26.2920598984,15194	0	0	0	3798.5
26.2920598984,15194	0	0	0	3798.5
26.2920598984,15194	0	0	0	3798.5
27.2981901169,15217	0	0	0	3804.25
27.2981901169,15217	0	0	0	3804.25
27.2981901169,15217	0	0	0	3804.25
27.2981901169,15217	0	0	0	3804.25
27.2981901169,15217	0	0	0	3804.25
27.2981901169,15217	0	0	0	3804.25
27.2981901169,15217	0	0	0	3804.25
27.2981901169,15217	0	0	0	3804.25
27.2981901169,15217	0	0	0	3804.25
27.2981901169,15217	0	0	0	3804.25
28.3084435463,15143	0	0	0	3785.75
28.3084435463,15143	0	0	0	3785.75
28.3084435463,15143	0	0	0	3785.75
28.3084435463,15143	0	0	0	3785.75
28.3084435463,15143	0	0	0	3785.75
28.3084435463,15143	0	0	0	3785.75
28.3084435463,15143	0	0	0	3785.75
28.3084435463,15143	0	0	0	3785.75
28.3084435463,15143	0	0	0	3785.75
28.3084435463,15143	0	0	0	3785.75
29.3133637905,15079	0	0	0	3769.75
29.3133637905,15079	0	0	0	3769.75
29.3133637905,15079	0	0	0	3769.75
29.3133637905,15079	0	0	0	3769.75
29.3133637905,15079	0	0	0	3769.75
29.3133637905,15079	0	0	0	3769.75
29.3133637905,15079	0	0	0	3769.75
29.3133637905,15079	0	0	0	3769.75
29.3133637905,15079	0	0	0	3769.75
29.3133637905,15079	0	0	0	3769.75
30.3143661022,15005	0	0	0	3751.25
30.3143661022,15005	0	0	0	3751.25
30.3143661022,15005	0	0	0	3751.25
30.3143661022,15005	0	0	0	3751.25
30.3143661022,15005	0	0	0	3751.25
30.3143661022,15005	0	0	0	3751.25
30.3143661022,15005	0	0	0	3751.25
30.3143661022,15005	0	0	0	3751.25
30.3143661022,15005	0	0	0	3751.25
30.3143661022,15005	0	0	0	3751.25
31.3275506496,14977	0	0	0	3744.25
31.3275506496,14977	0	0	0	3744.25
31.3275506496,14977	0	0	0	3744.25
31.3275506496,14977	0	0	0	3744.25
31.3275506496,14977	0	0	0	3744.25
31.3275506496,14977	0	0	0	3744.25
31.3275506496,14977	0	0	0	3744.25
31.3275506496,14977	0	0	0	3744.25
31.3275506496,14977	0	0	0	3744.25
31.3275506496,14977	0	0	0	3744.25
32.3417103291,15039	0	0	0	3759.75
32.3417103291,15039	0	0	0	3759.75
32.3417103291,15039	0	0	0	3759.75
32.3417103291,15039	0	0	0	3759.75
32.3417103291,15039	0	0	0	3759.75
32.3417103291,15039	0	0	0	3759.75
32.3417103291,15039	0	0	0	3759.75
32.3417103291,15039	0	0	0	3759.75
32.3417103291,15039	0	0	0	3759.75
32.3417103291,15039	0	0	0	3759.75
32.3417103291,15039	0	0	0	3759.75
33.345156908,15039	0	0	0	3759.75
33.345156908,15039	0	0	0	3759.75
33.345156908,15039	0	0	0	3759.75
33.345156908,15039	0	0	0	3759.75
33.345156908,15039	0	0	0	3759.75
33.345156908,15039	0	0	0	3759.75
33.345156908,15039	0	0	0	3759.75
33.345156908,15039	0	0	0	3759.75
33.345156908,15039	0	0	0	3759.75
33.345156908,15039	0	0	0	3759.75
34.3537068367,14995	0	0	0	3748.75
34.3537068367,14995	0	0	0	3748.75
34.3537068367,14995	0	0	0	3748.75
34.3537068367,14995	0	0	0	3748.75
34.3537068367,14995	0	0	0	3748.75
34.3537068367,14995	0	0	0	3748.75
34.3537068367,14995	0	0	0	3748.75
34.3537068367,14995	0	0	0	3748.75
34.3537068367,14995	0	0	0	3748.75
34.3537068367,14995	0	0	0	3748.75
35.3689804077,14891	0	0	0	3722.75
35.3689804077,14891	0	0	0	3722.75
35.3689804077,14891	0	0	0	3722.75
35.3689804077,14891	0	0	0	3722.75
35.3689804077,14891	0	0	0	3722.75
35.3689804077,14891	0	0	0	3722.75
35.3689804077,14891	0	0	0	3722.75
35.3689804077,14891	0	0	0	3722.75
35.3689804077,14891	0	0	0	3722.75
35.3689804077,14891	0	0	0	3722.75
36.3890724182,14965	0	0	0	3741.25
36.3890724182,14965	0	0	0	3741.25
36.3890724182,14965	0	0	0	3741.25
36.3890724182,14965	0	0	0	3741.25
36.3890724182,14965	0	0	0	3741.25
36.3890724182,14965	0	0	0	3741.25
36.3890724182,14965	0	0	0	3741.25
36.3890724182,14965	0	0	0	3741.25
36.3890724182,14965	0	0	0	3741.25
36.3890724182,14965	0	0	0	3741.25
37.4020373821,14977	0	0	0	3744.25
37.4020373821,14977	0	0	0	3744.25
37.4020373821,14977	0	0	0	3744.25
37.4020373821,14977	0	0	0	3744.25
37.4020373821,14977	0	0	0	3744.25
37.4020373821,14977	0	0	0	3744.25
37.4020373821,14977	0	0	0	3744.25
37.4020373821,14977	0	0	0	3744.25
37.4020373821,14977	0	0	0	3744.25
37.4020373821,14977	0	0	0	3744.25
38.4135200977,15138	0	0	0	3784.5
38.4135200977,15138	0	0	0	3784.5
38.4135200977,15138	0	0	0	3784.5
38.4135200977,15138	0	0	0	3784.5
38.4135200977,15138	0	0	0	3784.5
38.4135200977,15138	0	0	0	3784.5
38.4135200977,15138	0	0	0	3784.5
38.4135200977,15138	0	0	0	3784.5
38.4135200977,15138	0	0	0	3784.5
38.4135200977,15138	0	0	0	3784.5
39.4241313934,15353	0	0	0	3838.25
39.4241313934,15353	0	0	0	3838.25
39.4241313934,15353	0	0	0	3838.25
39.4241313934,15353	0	0	0	3838.25
39.4241313934,15353	0	0	0	3838.25
39.4241313934,15353	0	0	0	3838.25
39.4241313934,15353	0	0	0	3838.25
39.4241313934,15353	0	0	0	3838.25
39.4241313934,15353	0	0	0	3838.25
39.4241313934,15353	0	0	0	3838.25
39.4241313934,15353	0	0	0	3838.25
40.4503149986,15651	0	0	0	3912.75
40.4503149986,15651	0	0	0	3912.75
40.4503149986,15651	0	0	0	3912.75
40.4503149986,15651	0	0	0	3912.75
40.4503149986,15651	0	0	0	3912.75
40.4503149986,15651	0	0	0	3912.75
40.4503149986,15651	0	0	0	3912.75
40.4503149986,15651	0	0	0	3912.75
40.4503149986,15651	0	0	0	3912.75
40.4503149986,15651	0	0	0	3912.75
41.4528353214,15325	0	0	0	3831.25
41.4528353214,15325	0	0	0	3831.25
41.4528353214,15325	0	0	0	3831.25
41.4528353214,15325	0	0	0	3831.25
41.4528353214,15325	0	0	0	3831.25
41.4528353214,15325	0	0	0	3831.25
41.4528353214,15325	0	0	0	3831.25
41.4528353214,15325	0	0	0	3831.25
41.4528353214,15325	0	0	0	3831.25
41.4528353214,15325	0	0	0	3831.25
42.46879673,15793	0	0	0	3948.25
42.46879673,15793	0	0	0	3948.25
42.46879673,15793	0	0	0	3948.25
42.46879673,15793	0	0	0	3948.25
42.46879673,15793	0	0	0	3948.25
42.46879673,15793	0	0	0	3948.25
42.46879673,15793	0	0	0	3948.25
42.46879673,15793	0	0	0	3948.25
42.46879673,15793	0	0	0	3948.25
42.46879673,15793	0	0	0	3948.25
43.4882457256,16037	0	0	0	4009.25
43.4882457256,16037	0	0	0	4009.25
43.4882457256,16037	0	0	0	4009.25
43.4882457256,16037	0	0	0	4009.25
43.4882457256,16037	0	0	0	4009.25
43.4882457256,16037	0	0	0	4009.25
43.4882457256,16037	0	0	0	4009.25
43.4882457256,16037	0	0	0	4009.25
43.4882457256,16037	0	0	0	4009.25
43.4882457256,16037	0	0	0	4009.25
44.5002110004,16226	0	0	0	4056.5
44.5002110004,16226	0	0	0	4056.5
44.5002110004,16226	0	0	0	4056.5
44.5002110004,16226	0	0	0	4056.5
44.5002110004,16226	0	0	0	4056.5
44.5002110004,16226	0	0	0	4056.5
44.5002110004,16226	0	0	0	4056.5
44.5002110004,16226	0	0	0	4056.5
44.5002110004,16226	0	0	0	4056.5
44.5002110004,16226	0	0	0	4056.5
45.5321280956,16294	0	0	0	4073.5
45.5321280956,16294	0	0	0	4073.5
45.5321280956,16294	0	0	0	4073.5
45.5321280956,16294	0	0	0	4073.5
45.5321280956,16294	0	0	0	4073.5
45.5321280956,16294	0	0	0	4073.5
45.5321280956,16294	0	0	0	4073.5
45.5321280956,16294	0	0	0	4073.5
45.5321280956,16294	0	0	0	4073.5
45.5321280956,16294	0	0	0	4073.5
46.5441431999,16146	0	0	0	4036.5
46.5441431999,16146	0	0	0	4036.5
46.5441431999,16146	0	0	0	4036.5
46.5441431999,16146	0	0	0	4036.5
46.5441431999,16146	0	0	0	4036.5
46.5441431999,16146	0	0	0	4036.5
46.5441431999,16146	0	0	0	4036.5
46.5441431999,16146	0	0	0	4036.5
46.5441431999,16146	0	0	0	4036.5
46.5441431999,16146	0	0	0	4036.5
46.5441431999,16146	0	0	0	4036.5
47.5447163582,15615	0	0	0	3903.75
47.5447163582,15615	0	0	0	3903.75
47.5447163582,15615	0	0	0	3903.75
47.5447163582,15615	0	0	0	3903.75
47.5447163582,15615	0	0	0	3903.75
47.5447163582,15615	0	0	0	3903.75
47.5447163582,15615	0	0	0	3903.75
47.5447163582,15615	0	0	0	3903.75
47.5447163582,15615	0	0	0	3903.75
47.5447163582,15615	0	0	0	3903.75
48.5550649166,15433	0	0	0	3858.25
48.5550649166,15433	0	0	0	3858.25
48.5550649166,15433	0	0	0	3858.25
48.5550649166,15433	0	0	0	3858.25
48.5550649166,15433	0	0	0	3858.25
48.5550649166,15433	0	0	0	3858.25
48.5550649166,15433	0	0	0	3858.25
48.5550649166,15433	0	0	0	3858.25
48.5550649166,15433	0	0	0	3858.25
48.5550649166,15433	0	0	0	3858.25
49.564548254,15171	0	0	0	3792.75
49.564548254,15171	0	0	0	3792.75
49.564548254,15171	0	0	0	3792.75
49.564548254,15171	0	0	0	3792.75
49.564548254,15171	0	0	0	3792.75
49.564548254,15171	0	0	0	3792.75
49.564548254,15171	0	0	0	3792.75
49.564548254,15171	0	0	0	3792.75
49.564548254,15171	0	0	0	3792.75
49.564548254,15171	0	0	0	3792.75
50.5665304661,15290	0	0	0	3822.5
50.5665304661,15290	0	0	0	3822.5
50.5665304661,15290	0	0	0	3822.5
50.5665304661,15290	0	0	0	3822.5
50.5665304661,15290	0	0	0	3822.5
50.5665304661,15290	0	0	0	3822.5
50.5665304661,15290	0	0	0	3822.5
50.5665304661,15290	0	0	0	3822.5
50.5665304661,15290	0	0	0	3822.5
50.5665304661,15290	0	0	0	3822.5
51.5754115582,15537	0	0	0	3884.25
51.5754115582,15537	0	0	0	3884.25
51.5754115582,15537	0	0	0	3884.25
51.5754115582,15537	0	0	0	3884.25
51.5754115582,15537	0	0	0	3884.25
51.5754115582,15537	0	0	0	3884.25
51.5754115582,15537	0	0	0	3884.25
51.5754115582,15537	0	0	0	3884.25
51.5754115582,15537	0	0	0	3884.25
51.5754115582,15537	0	0	0	3884.25
52.5952348709,15844	0	0	0	3961.0
52.5952348709,15844	0	0	0	3961.0
52.5952348709,15844	0	0	0	3961.0
52.5952348709,15844	0	0	0	3961.0
52.5952348709,15844	0	0	0	3961.0
52.5952348709,15844	0	0	0	3961.0
52.5952348709,15844	0	0	0	3961.0
52.5952348709,15844	0	0	0	3961.0
52.5952348709,15844	0	0	0	3961.0
52.5952348709,15844	0	0	0	3961.0
53.5997431278,15678	0	0	0	3919.5
53.5997431278,15678	0	0	0	3919.5
53.5997431278,15678	0	0	0	3919.5
53.5997431278,15678	0	0	0	3919.5
53.5997431278,15678	0	0	0	3919.5
53.5997431278,15678	0	0	0	3919.5
53.5997431278,15678	0	0	0	3919.5
53.5997431278,15678	0	0	0	3919.5
53.5997431278,15678	0	0	0	3919.5
53.5997431278,15678	0	0	0	3919.5
54.6015717983,16107	0	0	0	4026.75
54.6015717983,16107	0	0	0	4026.75
54.6015717983,16107	0	0	0	4026.75
54.6015717983,16107	0	0	0	4026.75
54.6015717983,16107	0	0	0	4026.75
54.6015717983,16107	0	0	0	4026.75
54.6015717983,16107	0	0	0	4026.75
54.6015717983,16107	0	0	0	4026.75
54.6015717983,16107	0	0	0	4026.75
54.6015717983,16107	0	0	0	4026.75
55.6116924286,15531	0	0	0	3882.75
55.6116924286,15531	0	0	0	3882.75
55.6116924286,15531	0	0	0	3882.75
55.6116924286,15531	0	0	0	3882.75
55.6116924286,15531	0	0	0	3882.75
55.6116924286,15531	0	0	0	3882.75
55.6116924286,15531	0	0	0	3882.75
55.6116924286,15531	0	0	0	3882.75
55.6116924286,15531	0	0	0	3882.75
55.6116924286,15531	0	0	0	3882.75
56.6191530228,15524	0	0	0	3881.0
56.6191530228,15524	0	0	0	3881.0
56.6191530228,15524	0	0	0	3881.0
56.6191530228,15524	0	0	0	3881.0
56.6191530228,15524	0	0	0	3881.0
56.6191530228,15524	0	0	0	3881.0
56.6191530228,15524	0	0	0	3881.0
56.6191530228,15524	0	0	0	3881.0
56.6191530228,15524	0	0	0	3881.0
56.6191530228,15524	0	0	0	3881.0
57.6300868988,15387	0	0	0	3846.75
57.6300868988,15387	0	0	0	3846.75
57.6300868988,15387	0	0	0	3846.75
57.6300868988,15387	0	0	0	3846.75
57.6300868988,15387	0	0	0	3846.75
57.6300868988,15387	0	0	0	3846.75
57.6300868988,15387	0	0	0	3846.75
57.6300868988,15387	0	0	0	3846.75
57.6300868988,15387	0	0	0	3846.75
57.6300868988,15387	0	0	0	3846.75
57.6300868988,15387	0	0	0	3846.75
58.6495058537,15559	0	0	0	3889.75
58.6495058537,15559	0	0	0	3889.75
58.6495058537,15559	0	0	0	3889.75
58.6495058537,15559	0	0	0	3889.75
58.6495058537,15559	0	0	0	3889.75
58.6495058537,15559	0	0	0	3889.75
58.6495058537,15559	0	0	0	3889.75
58.6495058537,15559	0	0	0	3889.75
58.6495058537,15559	0	0	0	3889.75
58.6495058537,15559	0	0	0	3889.75
59.6581532955,15421	0	0	0	3855.25
59.6581532955,15421	0	0	0	3855.25
59.6581532955,15421	0	0	0	3855.25
59.6581532955,15421	0	0	0	3855.25
59.6581532955,15421	0	0	0	3855.25
59.6581532955,15421	0	0	0	3855.25
59.6581532955,15421	0	0	0	3855.25
59.6581532955,15421	0	0	0	3855.25
59.6581532955,15421	0	0	0	3855.25
59.6581532955,15421	0	0	0	3855.25
60.7024362087,15610	0	0	0	3902.5
60.7024362087,15610	0	0	0	3902.5
60.7024362087,15610	0	0	0	3902.5
60.7024362087,15610	0	0	0	3902.5
60.7024362087,15610	0	0	0	3902.5
60.7024362087,15610	0	0	0	3902.5
60.7024362087,15610	0	0	0	3902.5
60.7024362087,15610	0	0	0	3902.5
60.7024362087,15610	0	0	0	3902.5
60.7024362087,15610	0	0	0	3902.5
61.7096636295,15787	0	0	0	3946.75
61.7096636295,15787	0	0	0	3946.75
61.7096636295,15787	0	0	0	3946.75
61.7096636295,15787	0	0	0	3946.75
61.7096636295,15787	0	0	0	3946.75
61.7096636295,15787	0	0	0	3946.75
61.7096636295,15787	0	0	0	3946.75
61.7096636295,15787	0	0	0	3946.75
61.7096636295,15787	0	0	0	3946.75
61.7096636295,15787	0	0	0	3946.75
62.7141766548,15837	0	0	0	3959.25
62.7141766548,15837	0	0	0	3959.25
62.7141766548,15837	0	0	0	3959.25
62.7141766548,15837	0	0	0	3959.25
62.7141766548,15837	0	0	0	3959.25
62.7141766548,15837	0	0	0	3959.25
62.7141766548,15837	0	0	0	3959.25
62.7141766548,15837	0	0	0	3959.25
62.7141766548,15837	0	0	0	3959.25
62.7141766548,15837	0	0	0	3959.25
63.7326834202,15445	0	0	0	3861.25
63.7326834202,15445	0	0	0	3861.25
63.7326834202,15445	0	0	0	3861.25
63.7326834202,15445	0	0	0	3861.25
63.7326834202,15445	0	0	0	3861.25
63.7326834202,15445	0	0	0	3861.25
63.7326834202,15445	0	0	0	3861.25
63.7326834202,15445	0	0	0	3861.25
63.7326834202,15445	0	0	0	3861.25
63.7326834202,15445	0	0	0	3861.25
64.7380843163,15376	0	0	0	3844.0
64.7380843163,15376	0	0	0	3844.0
64.7380843163,15376	0	0	0	3844.0
64.7380843163,15376	0	0	0	3844.0
64.7380843163,15376	0	0	0	3844.0
64.7380843163,15376	0	0	0	3844.0
64.7380843163,15376	0	0	0	3844.0
64.7380843163,15376	0	0	0	3844.0
64.7380843163,15376	0	0	0	3844.0
64.7380843163,15376	0	0	0	3844.0
64.7380843163,15376	0	0	0	3844.0
65.7661976814,15393	0	0	0	3848.25
65.7661976814,15393	0	0	0	3848.25
65.7661976814,15393	0	0	0	3848.25
65.7661976814,15393	0	0	0	3848.25
65.7661976814,15393	0	0	0	3848.25
65.7661976814,15393	0	0	0	3848.25
65.7661976814,15393	0	0	0	3848.25
65.7661976814,15393	0	0	0	3848.25
65.7661976814,15393	0	0	0	3848.25
65.7661976814,15393	0	0	0	3848.25
66.7688879967,15480	0	0	0	3870.0
66.7688879967,15480	0	0	0	3870.0
66.7688879967,15480	0	0	0	3870.0
66.7688879967,15480	0	0	0	3870.0
66.7688879967,15480	0	0	0	3870.0
66.7688879967,15480	0	0	0	3870.0
66.7688879967,15480	0	0	0	3870.0
66.7688879967,15480	0	0	0	3870.0
66.7688879967,15480	0	0	0	3870.0
66.7688879967,15480	0	0	0	3870.0
67.786665678,15508	0	0	0	3877.0
67.786665678,15508	0	0	0	3877.0
67.786665678,15508	0	0	0	3877.0
67.786665678,15508	0	0	0	3877.0
67.786665678,15508	0	0	0	3877.0
67.786665678,15508	0	0	0	3877.0
67.786665678,15508	0	0	0	3877.0
67.786665678,15508	0	0	0	3877.0
67.786665678,15508	0	0	0	3877.0
67.786665678,15508	0	0	0	3877.0
68.7936623096,15508	0	0	0	3877.0
68.7936623096,15508	0	0	0	3877.0
68.7936623096,15508	0	0	0	3877.0
68.7936623096,15508	0	0	0	3877.0
68.7936623096,15508	0	0	0	3877.0
68.7936623096,15508	0	0	0	3877.0
68.7936623096,15508	0	0	0	3877.0
68.7936623096,15508	0	0	0	3877.0
68.7936623096,15508	0	0	0	3877.0
68.7936623096,15508	0	0	0	3877.0
69.7950816154,15490	0	0	0	3872.5
69.7950816154,15490	0	0	0	3872.5
69.7950816154,15490	0	0	0	3872.5
69.7950816154,15490	0	0	0	3872.5
69.7950816154,15490	0	0	0	3872.5
69.7950816154,15490	0	0	0	3872.5
69.7950816154,15490	0	0	0	3872.5
69.7950816154,15490	0	0	0	3872.5
69.7950816154,15490	0	0	0	3872.5
69.7950816154,15490	0	0	0	3872.5
70.8037204742,15467	0	0	0	3866.75
70.8037204742,15467	0	0	0	3866.75
70.8037204742,15467	0	0	0	3866.75
70.8037204742,15467	0	0	0	3866.75
70.8037204742,15467	0	0	0	3866.75
70.8037204742,15467	0	0	0	3866.75
70.8037204742,15467	0	0	0	3866.75
70.8037204742,15467	0	0	0	3866.75
70.8037204742,15467	0	0	0	3866.75
70.8037204742,15467	0	0	0	3866.75
71.80488801,15513	0	0	0	3878.25
71.80488801,15513	0	0	0	3878.25
71.80488801,15513	0	0	0	3878.25
71.80488801,15513	0	0	0	3878.25
71.80488801,15513	0	0	0	3878.25
71.80488801,15513	0	0	0	3878.25
71.80488801,15513	0	0	0	3878.25
71.80488801,15513	0	0	0	3878.25
