0.0,9815	0	0	0	2453.75
0.0,9815	0	0	0	2453.75
0.0,9815	0	0	0	2453.75
0.0,9815	0	0	0	2453.75
0.0,9815	0	0	0	2453.75
0.0,9815	0	0	0	2453.75
0.0,9815	0	0	0	2453.75
0.0,9815	0	0	0	2453.75
0.0,9815	0	0	0	2453.75
0.0,9815	0	0	0	2453.75
1.01384735107,9836	0	0	0	2459.0
1.01384735107,9836	0	0	0	2459.0
1.01384735107,9836	0	0	0	2459.0
1.01384735107,9836	0	0	0	2459.0
1.01384735107,9836	0	0	0	2459.0
1.01384735107,9836	0	0	0	2459.0
1.01384735107,9836	0	0	0	2459.0
1.01384735107,9836	0	0	0	2459.0
1.01384735107,9836	0	0	0	2459.0
1.01384735107,9836	0	0	0	2459.0
1.01384735107,9836	0	0	0	2459.0
2.01844882965,9870	0	0	0	2467.5
2.01844882965,9870	0	0	0	2467.5
2.01844882965,9870	0	0	0	2467.5
2.01844882965,9870	0	0	0	2467.5
2.01844882965,9870	0	0	0	2467.5
2.01844882965,9870	0	0	0	2467.5
2.01844882965,9870	0	0	0	2467.5
2.01844882965,9870	0	0	0	2467.5
2.01844882965,9870	0	0	0	2467.5
2.01844882965,9870	0	0	0	2467.5
3.02501916885,9809	0	0	0	2452.25
3.02501916885,9809	0	0	0	2452.25
3.02501916885,9809	0	0	0	2452.25
3.02501916885,9809	0	0	0	2452.25
3.02501916885,9809	0	0	0	2452.25
3.02501916885,9809	0	0	0	2452.25
3.02501916885,9809	0	0	0	2452.25
3.02501916885,9809	0	0	0	2452.25
3.02501916885,9809	0	0	0	2452.25
4.02632761002,9843	0	0	0	2460.75
4.02632761002,9843	0	0	0	2460.75
4.02632761002,9843	0	0	0	2460.75
4.02632761002,9843	0	0	0	2460.75
4.02632761002,9843	0	0	0	2460.75
4.02632761002,9843	0	0	0	2460.75
4.02632761002,9843	0	0	0	2460.75
4.02632761002,9843	0	0	0	2460.75
4.02632761002,9843	0	0	0	2460.75
4.02632761002,9843	0	0	0	2460.75
4.02632761002,9843	0	0	0	2460.75
5.05911374092,9890	0	0	0	2472.5
5.05911374092,9890	0	0	0	2472.5
5.05911374092,9890	0	0	0	2472.5
5.05911374092,9890	0	0	0	2472.5
5.05911374092,9890	0	0	0	2472.5
5.05911374092,9890	0	0	0	2472.5
5.05911374092,9890	0	0	0	2472.5
5.05911374092,9890	0	0	0	2472.5
5.05911374092,9890	0	0	0	2472.5
5.05911374092,9890	0	0	0	2472.5
6.06425595284,9904	0	0	0	2476.0
6.06425595284,9904	0	0	0	2476.0
6.06425595284,9904	0	0	0	2476.0
6.06425595284,9904	0	0	0	2476.0
6.06425595284,9904	0	0	0	2476.0
6.06425595284,9904	0	0	0	2476.0
6.06425595284,9904	0	0	0	2476.0
6.06425595284,9904	0	0	0	2476.0
6.06425595284,9904	0	0	0	2476.0
6.06425595284,9904	0	0	0	2476.0
7.07903265953,10050	0	0	0	2512.5
7.07903265953,10050	0	0	0	2512.5
7.07903265953,10050	0	0	0	2512.5
7.07903265953,10050	0	0	0	2512.5
7.07903265953,10050	0	0	0	2512.5
7.07903265953,10050	0	0	0	2512.5
7.07903265953,10050	0	0	0	2512.5
7.07903265953,10050	0	0	0	2512.5
7.07903265953,10050	0	0	0	2512.5
7.07903265953,10050	0	0	0	2512.5
8.09061288834,10047	0	0	0	2511.75
8.09061288834,10047	0	0	0	2511.75
8.09061288834,10047	0	0	0	2511.75
8.09061288834,10047	0	0	0	2511.75
8.09061288834,10047	0	0	0	2511.75
8.09061288834,10047	0	0	0	2511.75
8.09061288834,10047	0	0	0	2511.75
8.09061288834,10047	0	0	0	2511.75
8.09061288834,10047	0	0	0	2511.75
8.09061288834,10047	0	0	0	2511.75
9.10306072235,9769	0	0	0	2442.25
9.10306072235,9769	0	0	0	2442.25
9.10306072235,9769	0	0	0	2442.25
9.10306072235,9769	0	0	0	2442.25
9.10306072235,9769	0	0	0	2442.25
9.10306072235,9769	0	0	0	2442.25
9.10306072235,9769	0	0	0	2442.25
9.10306072235,9769	0	0	0	2442.25
9.10306072235,9769	0	0	0	2442.25
9.10306072235,9769	0	0	0	2442.25
9.10306072235,9769	0	0	0	2442.25
10.1352653503,10322	0	0	0	2580.5
10.1352653503,10322	0	0	0	2580.5
10.1352653503,10322	0	0	0	2580.5
10.1352653503,10322	0	0	0	2580.5
10.1352653503,10322	0	0	0	2580.5
10.1352653503,10322	0	0	0	2580.5
10.1352653503,10322	0	0	0	2580.5
10.1352653503,10322	0	0	0	2580.5
10.1352653503,10322	0	0	0	2580.5
10.1352653503,10322	0	0	0	2580.5
11.1409916878,10350	0	0	0	2587.5
11.1409916878,10350	0	0	0	2587.5
11.1409916878,10350	0	0	0	2587.5
11.1409916878,10350	0	0	0	2587.5
11.1409916878,10350	0	0	0	2587.5
11.1409916878,10350	0	0	0	2587.5
11.1409916878,10350	0	0	0	2587.5
11.1409916878,10350	0	0	0	2587.5
11.1409916878,10350	0	0	0	2587.5
11.1409916878,10350	0	0	0	2587.5
12.1576347351,10450	0	0	0	2612.5
12.1576347351,10450	0	0	0	2612.5
12.1576347351,10450	0	0	0	2612.5
12.1576347351,10450	0	0	0	2612.5
12.1576347351,10450	0	0	0	2612.5
12.1576347351,10450	0	0	0	2612.5
12.1576347351,10450	0	0	0	2612.5
12.1576347351,10450	0	0	0	2612.5
12.1576347351,10450	0	0	0	2612.5
12.1576347351,10450	0	0	0	2612.5
13.1639993191,10556	0	0	0	2639.0
13.1639993191,10556	0	0	0	2639.0
13.1639993191,10556	0	0	0	2639.0
13.1639993191,10556	0	0	0	2639.0
13.1639993191,10556	0	0	0	2639.0
13.1639993191,10556	0	0	0	2639.0
13.1639993191,10556	0	0	0	2639.0
13.1639993191,10556	0	0	0	2639.0
13.1639993191,10556	0	0	0	2639.0
13.1639993191,10556	0	0	0	2639.0
14.1731476784,10670	0	0	0	2667.5
14.1731476784,10670	0	0	0	2667.5
14.1731476784,10670	0	0	0	2667.5
14.1731476784,10670	0	0	0	2667.5
14.1731476784,10670	0	0	0	2667.5
14.1731476784,10670	0	0	0	2667.5
14.1731476784,10670	0	0	0	2667.5
14.1731476784,10670	0	0	0	2667.5
14.1731476784,10670	0	0	0	2667.5
14.1731476784,10670	0	0	0	2667.5
15.1753144264,10887	0	0	0	2721.75
15.1753144264,10887	0	0	0	2721.75
15.1753144264,10887	0	0	0	2721.75
15.1753144264,10887	0	0	0	2721.75
15.1753144264,10887	0	0	0	2721.75
15.1753144264,10887	0	0	0	2721.75
15.1753144264,10887	0	0	0	2721.75
15.1753144264,10887	0	0	0	2721.75
15.1753144264,10887	0	0	0	2721.75
15.1753144264,10887	0	0	0	2721.75
16.178164959,11030	0	0	0	2757.5
16.178164959,11030	0	0	0	2757.5
16.178164959,11030	0	0	0	2757.5
16.178164959,11030	0	0	0	2757.5
16.178164959,11030	0	0	0	2757.5
16.178164959,11030	0	0	0	2757.5
16.178164959,11030	0	0	0	2757.5
16.178164959,11030	0	0	0	2757.5
16.178164959,11030	0	0	0	2757.5
16.178164959,11030	0	0	0	2757.5
17.1783981323,11190	0	0	0	2797.5
17.1783981323,11190	0	0	0	2797.5
17.1783981323,11190	0	0	0	2797.5
17.1783981323,11190	0	0	0	2797.5
17.1783981323,11190	0	0	0	2797.5
17.1783981323,11190	0	0	0	2797.5
17.1783981323,11190	0	0	0	2797.5
17.1783981323,11190	0	0	0	2797.5
17.1783981323,11190	0	0	0	2797.5
17.1783981323,11190	0	0	0	2797.5
18.1814928055,11402	0	0	0	2850.5
18.1814928055,11402	0	0	0	2850.5
18.1814928055,11402	0	0	0	2850.5
18.1814928055,11402	0	0	0	2850.5
18.1814928055,11402	0	0	0	2850.5
18.1814928055,11402	0	0	0	2850.5
18.1814928055,11402	0	0	0	2850.5
18.1814928055,11402	0	0	0	2850.5
18.1814928055,11402	0	0	0	2850.5
18.1814928055,11402	0	0	0	2850.5
19.1858477592,11626	0	0	0	2906.5
19.1858477592,11626	0	0	0	2906.5
19.1858477592,11626	0	0	0	2906.5
19.1858477592,11626	0	0	0	2906.5
19.1858477592,11626	0	0	0	2906.5
19.1858477592,11626	0	0	0	2906.5
19.1858477592,11626	0	0	0	2906.5
19.1858477592,11626	0	0	0	2906.5
19.1858477592,11626	0	0	0	2906.5
19.1858477592,11626	0	0	0	2906.5
20.191852808,11913	0	0	0	2978.25
20.191852808,11913	0	0	0	2978.25
20.191852808,11913	0	0	0	2978.25
20.191852808,11913	0	0	0	2978.25
20.191852808,11913	0	0	0	2978.25
20.191852808,11913	0	0	0	2978.25
20.191852808,11913	0	0	0	2978.25
20.191852808,11913	0	0	0	2978.25
20.191852808,11913	0	0	0	2978.25
20.191852808,11913	0	0	0	2978.25
20.191852808,11913	0	0	0	2978.25
21.2120175362,12174	0	0	0	3043.5
21.2120175362,12174	0	0	0	3043.5
21.2120175362,12174	0	0	0	3043.5
21.2120175362,12174	0	0	0	3043.5
21.2120175362,12174	0	0	0	3043.5
21.2120175362,12174	0	0	0	3043.5
21.2120175362,12174	0	0	0	3043.5
21.2120175362,12174	0	0	0	3043.5
21.2120175362,12174	0	0	0	3043.5
21.2120175362,12174	0	0	0	3043.5
22.2305705547,12541	0	0	0	3135.25
22.2305705547,12541	0	0	0	3135.25
22.2305705547,12541	0	0	0	3135.25
22.2305705547,12541	0	0	0	3135.25
22.2305705547,12541	0	0	0	3135.25
22.2305705547,12541	0	0	0	3135.25
22.2305705547,12541	0	0	0	3135.25
22.2305705547,12541	0	0	0	3135.25
22.2305705547,12541	0	0	0	3135.25
23.2322649956,12873	0	0	0	3218.25
23.2322649956,12873	0	0	0	3218.25
23.2322649956,12873	0	0	0	3218.25
23.2322649956,12873	0	0	0	3218.25
23.2322649956,12873	0	0	0	3218.25
23.2322649956,12873	0	0	0	3218.25
23.2322649956,12873	0	0	0	3218.25
23.2322649956,12873	0	0	0	3218.25
23.2322649956,12873	0	0	0	3218.25
23.2322649956,12873	0	0	0	3218.25
24.2370166779,13391	0	0	0	3347.75
24.2370166779,13391	0	0	0	3347.75
24.2370166779,13391	0	0	0	3347.75
24.2370166779,13391	0	0	0	3347.75
24.2370166779,13391	0	0	0	3347.75
24.2370166779,13391	0	0	0	3347.75
24.2370166779,13391	0	0	0	3347.75
24.2370166779,13391	0	0	0	3347.75
24.2370166779,13391	0	0	0	3347.75
24.2370166779,13391	0	0	0	3347.75
24.2370166779,13391	0	0	0	3347.75
25.2505042553,13983	0	0	0	3495.75
25.2505042553,13983	0	0	0	3495.75
25.2505042553,13983	0	0	0	3495.75
25.2505042553,13983	0	0	0	3495.75
25.2505042553,13983	0	0	0	3495.75
25.2505042553,13983	0	0	0	3495.75
25.2505042553,13983	0	0	0	3495.75
25.2505042553,13983	0	0	0	3495.75
25.2505042553,13983	0	0	0	3495.75
25.2505042553,13983	0	0	0	3495.75
26.2592170238,14965	0	0	0	3741.25
26.2592170238,14965	0	0	0	3741.25
26.2592170238,14965	0	0	0	3741.25
26.2592170238,14965	0	0	0	3741.25
26.2592170238,14965	0	0	0	3741.25
26.2592170238,14965	0	0	0	3741.25
26.2592170238,14965	0	0	0	3741.25
26.2592170238,14965	0	0	0	3741.25
26.2592170238,14965	0	0	0	3741.25
26.2592170238,14965	0	0	0	3741.25
27.2784130573,16578	0	0	0	4144.5
27.2784130573,16578	0	0	0	4144.5
27.2784130573,16578	0	0	0	4144.5
27.2784130573,16578	0	0	0	4144.5
27.2784130573,16578	0	0	0	4144.5
27.2784130573,16578	0	0	0	4144.5
27.2784130573,16578	0	0	0	4144.5
27.2784130573,16578	0	0	0	4144.5
27.2784130573,16578	0	0	0	4144.5
27.2784130573,16578	0	0	0	4144.5
28.2994873524,-17087	0	0	0	-4271.75
28.2994873524,-17087	0	0	0	-4271.75
28.2994873524,-17087	0	0	0	-4271.75
28.2994873524,-17087	0	0	0	-4271.75
28.2994873524,-17087	0	0	0	-4271.75
28.2994873524,-17087	0	0	0	-4271.75
28.2994873524,-17087	0	0	0	-4271.75
28.2994873524,-17087	0	0	0	-4271.75
28.2994873524,-17087	0	0	0	-4271.75
28.2994873524,-17087	0	0	0	-4271.75
29.3091418743,-15388	0	0	0	-3847.0
29.3091418743,-15388	0	0	0	-3847.0
29.3091418743,-15388	0	0	0	-3847.0
29.3091418743,-15388	0	0	0	-3847.0
29.3091418743,-15388	0	0	0	-3847.0
29.3091418743,-15388	0	0	0	-3847.0
29.3091418743,-15388	0	0	0	-3847.0
29.3091418743,-15388	0	0	0	-3847.0
29.3091418743,-15388	0	0	0	-3847.0
29.3091418743,-15388	0	0	0	-3847.0
30.3154678345,-12691	0	0	0	-3172.75
30.3154678345,-12691	0	0	0	-3172.75
30.3154678345,-12691	0	0	0	-3172.75
30.3154678345,-12691	0	0	0	-3172.75
30.3154678345,-12691	0	0	0	-3172.75
30.3154678345,-12691	0	0	0	-3172.75
30.3154678345,-12691	0	0	0	-3172.75
30.3154678345,-12691	0	0	0	-3172.75
30.3154678345,-12691	0	0	0	-3172.75
30.3154678345,-12691	0	0	0	-3172.75
30.3154678345,-12691	0	0	0	-3172.75
31.3531830311,-11364	0	0	0	-2841.0
31.3531830311,-11364	0	0	0	-2841.0
31.3531830311,-11364	0	0	0	-2841.0
31.3531830311,-11364	0	0	0	-2841.0
31.3531830311,-11364	0	0	0	-2841.0
31.3531830311,-11364	0	0	0	-2841.0
31.3531830311,-11364	0	0	0	-2841.0
31.3531830311,-11364	0	0	0	-2841.0
31.3531830311,-11364	0	0	0	-2841.0
31.3531830311,-11364	0	0	0	-2841.0
32.3535923958,-10318	0	0	0	-2579.5
32.3535923958,-10318	0	0	0	-2579.5
32.3535923958,-10318	0	0	0	-2579.5
32.3535923958,-10318	0	0	0	-2579.5
32.3535923958,-10318	0	0	0	-2579.5
32.3535923958,-10318	0	0	0	-2579.5
32.3535923958,-10318	0	0	0	-2579.5
32.3535923958,-10318	0	0	0	-2579.5
32.3535923958,-10318	0	0	0	-2579.5
32.3535923958,-10318	0	0	0	-2579.5
33.3597230911,-9340	0	0	0	-2335.0
33.3597230911,-9340	0	0	0	-2335.0
33.3597230911,-9340	0	0	0	-2335.0
33.3597230911,-9340	0	0	0	-2335.0
33.3597230911,-9340	0	0	0	-2335.0
33.3597230911,-9340	0	0	0	-2335.0
33.3597230911,-9340	0	0	0	-2335.0
33.3597230911,-9340	0	0	0	-2335.0
33.3597230911,-9340	0	0	0	-2335.0
33.3597230911,-9340	0	0	0	-2335.0
34.3720190525,-7774	0	0	0	-1943.5
34.3720190525,-7774	0	0	0	-1943.5
34.3720190525,-7774	0	0	0	-1943.5
34.3720190525,-7774	0	0	0	-1943.5
34.3720190525,-7774	0	0	0	-1943.5
34.3720190525,-7774	0	0	0	-1943.5
34.3720190525,-7774	0	0	0	-1943.5
34.3720190525,-7774	0	0	0	-1943.5
34.3720190525,-7774	0	0	0	-1943.5
34.3720190525,-7774	0	0	0	-1943.5
35.3833839893,-4146	0	0	0	-1036.5
35.3833839893,-4146	0	0	0	-1036.5
35.3833839893,-4146	0	0	0	-1036.5
35.3833839893,-4146	0	0	0	-1036.5
35.3833839893,-4146	0	0	0	-1036.5
35.3833839893,-4146	0	0	0	-1036.5
35.3833839893,-4146	0	0	0	-1036.5
35.3833839893,-4146	0	0	0	-1036.5
35.3833839893,-4146	0	0	0	-1036.5
35.3833839893,-4146	0	0	0	-1036.5
36.401473999,-1674	0	0	0	-418.5
36.401473999,-1674	0	0	0	-418.5
36.401473999,-1674	0	0	0	-418.5
36.401473999,-1674	0	0	0	-418.5
36.401473999,-1674	0	0	0	-418.5
36.401473999,-1674	0	0	0	-418.5
36.401473999,-1674	0	0	0	-418.5
36.401473999,-1674	0	0	0	-418.5
36.401473999,-1674	0	0	0	-418.5
36.401473999,-1674	0	0	0	-418.5
36.401473999,-1674	0	0	0	-418.5
37.401496172,434	0	0	0	108.5
37.401496172,434	0	0	0	108.5
37.401496172,434	0	0	0	108.5
37.401496172,434	0	0	0	108.5
37.401496172,434	0	0	0	108.5
37.401496172,434	0	0	0	108.5
37.401496172,434	0	0	0	108.5
37.401496172,434	0	0	0	108.5
37.401496172,434	0	0	0	108.5
38.4046080112,417	0	0	0	104.25
38.4046080112,417	0	0	0	104.25
38.4046080112,417	0	0	0	104.25
38.4046080112,417	0	0	0	104.25
38.4046080112,417	0	0	0	104.25
38.4046080112,417	0	0	0	104.25
38.4046080112,417	0	0	0	104.25
38.4046080112,417	0	0	0	104.25
38.4046080112,417	0	0	0	104.25
