0.0,10894	0	0	0	2723.5
0.0,10894	0	0	0	2723.5
0.0,10894	0	0	0	2723.5
0.0,10894	0	0	0	2723.5
0.0,10894	0	0	0	2723.5
0.0,10894	0	0	0	2723.5
0.0,10894	0	0	0	2723.5
0.0,10894	0	0	0	2723.5
0.0,10894	0	0	0	2723.5
0.0,10894	0	0	0	2723.5
1.00869774818,10805	0	0	0	2701.25
1.00869774818,10805	0	0	0	2701.25
1.00869774818,10805	0	0	0	2701.25
1.00869774818,10805	0	0	0	2701.25
1.00869774818,10805	0	0	0	2701.25
1.00869774818,10805	0	0	0	2701.25
1.00869774818,10805	0	0	0	2701.25
1.00869774818,10805	0	0	0	2701.25
1.00869774818,10805	0	0	0	2701.25
1.00869774818,10805	0	0	0	2701.25
2.01922440529,10914	0	0	0	2728.5
2.01922440529,10914	0	0	0	2728.5
2.01922440529,10914	0	0	0	2728.5
2.01922440529,10914	0	0	0	2728.5
2.01922440529,10914	0	0	0	2728.5
2.01922440529,10914	0	0	0	2728.5
2.01922440529,10914	0	0	0	2728.5
2.01922440529,10914	0	0	0	2728.5
2.01922440529,10914	0	0	0	2728.5
2.01922440529,10914	0	0	0	2728.5
3.03841114044,11082	0	0	0	2770.5
3.03841114044,11082	0	0	0	2770.5
3.03841114044,11082	0	0	0	2770.5
3.03841114044,11082	0	0	0	2770.5
3.03841114044,11082	0	0	0	2770.5
3.03841114044,11082	0	0	0	2770.5
3.03841114044,11082	0	0	0	2770.5
3.03841114044,11082	0	0	0	2770.5
3.03841114044,11082	0	0	0	2770.5
3.03841114044,11082	0	0	0	2770.5
4.05344867706,11171	0	0	0	2792.75
4.05344867706,11171	0	0	0	2792.75
4.05344867706,11171	0	0	0	2792.75
4.05344867706,11171	0	0	0	2792.75
4.05344867706,11171	0	0	0	2792.75
4.05344867706,11171	0	0	0	2792.75
4.05344867706,11171	0	0	0	2792.75
4.05344867706,11171	0	0	0	2792.75
4.05344867706,11171	0	0	0	2792.75
4.05344867706,11171	0	0	0	2792.75
5.06481266022,10963	0	0	0	2740.75
5.06481266022,10963	0	0	0	2740.75
5.06481266022,10963	0	0	0	2740.75
5.06481266022,10963	0	0	0	2740.75
5.06481266022,10963	0	0	0	2740.75
5.06481266022,10963	0	0	0	2740.75
5.06481266022,10963	0	0	0	2740.75
5.06481266022,10963	0	0	0	2740.75
5.06481266022,10963	0	0	0	2740.75
5.06481266022,10963	0	0	0	2740.75
6.07288336754,11171	0	0	0	2792.75
6.07288336754,11171	0	0	0	2792.75
6.07288336754,11171	0	0	0	2792.75
6.07288336754,11171	0	0	0	2792.75
6.07288336754,11171	0	0	0	2792.75
6.07288336754,11171	0	0	0	2792.75
6.07288336754,11171	0	0	0	2792.75
6.07288336754,11171	0	0	0	2792.75
6.07288336754,11171	0	0	0	2792.75
6.07288336754,11171	0	0	0	2792.75
6.07288336754,11171	0	0	0	2792.75
7.08784174919,11729	0	0	0	2932.25
7.08784174919,11729	0	0	0	2932.25
7.08784174919,11729	0	0	0	2932.25
7.08784174919,11729	0	0	0	2932.25
7.08784174919,11729	0	0	0	2932.25
7.08784174919,11729	0	0	0	2932.25
7.08784174919,11729	0	0	0	2932.25
7.08784174919,11729	0	0	0	2932.25
7.08784174919,11729	0	0	0	2932.25
7.08784174919,11729	0	0	0	2932.25
8.10601019859,11876	0	0	0	2969.0
8.10601019859,11876	0	0	0	2969.0
8.10601019859,11876	0	0	0	2969.0
8.10601019859,11876	0	0	0	2969.0
8.10601019859,11876	0	0	0	2969.0
8.10601019859,11876	0	0	0	2969.0
8.10601019859,11876	0	0	0	2969.0
8.10601019859,11876	0	0	0	2969.0
8.10601019859,11876	0	0	0	2969.0
8.10601019859,11876	0	0	0	2969.0
9.1110637188,12150	0	0	0	3037.5
9.1110637188,12150	0	0	0	3037.5
9.1110637188,12150	0	0	0	3037.5
9.1110637188,12150	0	0	0	3037.5
9.1110637188,12150	0	0	0	3037.5
9.1110637188,12150	0	0	0	3037.5
9.1110637188,12150	0	0	0	3037.5
9.1110637188,12150	0	0	0	3037.5
9.1110637188,12150	0	0	0	3037.5
9.1110637188,12150	0	0	0	3037.5
10.137288332,12384	0	0	0	3096.0
10.137288332,12384	0	0	0	3096.0
10.137288332,12384	0	0	0	3096.0
10.137288332,12384	0	0	0	3096.0
10.137288332,12384	0	0	0	3096.0
10.137288332,12384	0	0	0	3096.0
10.137288332,12384	0	0	0	3096.0
10.137288332,12384	0	0	0	3096.0
10.137288332,12384	0	0	0	3096.0
10.137288332,12384	0	0	0	3096.0
11.1397044659,12648	0	0	0	3162.0
11.1397044659,12648	0	0	0	3162.0
11.1397044659,12648	0	0	0	3162.0
11.1397044659,12648	0	0	0	3162.0
11.1397044659,12648	0	0	0	3162.0
11.1397044659,12648	0	0	0	3162.0
11.1397044659,12648	0	0	0	3162.0
11.1397044659,12648	0	0	0	3162.0
11.1397044659,12648	0	0	0	3162.0
11.1397044659,12648	0	0	0	3162.0
12.1582248211,12944	0	0	0	3236.0
12.1582248211,12944	0	0	0	3236.0
12.1582248211,12944	0	0	0	3236.0
12.1582248211,12944	0	0	0	3236.0
12.1582248211,12944	0	0	0	3236.0
12.1582248211,12944	0	0	0	3236.0
12.1582248211,12944	0	0	0	3236.0
12.1582248211,12944	0	0	0	3236.0
12.1582248211,12944	0	0	0	3236.0
12.1582248211,12944	0	0	0	3236.0
13.1644775867,13343	0	0	0	3335.75
13.1644775867,13343	0	0	0	3335.75
13.1644775867,13343	0	0	0	3335.75
13.1644775867,13343	0	0	0	3335.75
13.1644775867,13343	0	0	0	3335.75
13.1644775867,13343	0	0	0	3335.75
13.1644775867,13343	0	0	0	3335.75
13.1644775867,13343	0	0	0	3335.75
13.1644775867,13343	0	0	0	3335.75
13.1644775867,13343	0	0	0	3335.75
13.1644775867,13343	0	0	0	3335.75
14.18440938,13715	0	0	0	3428.75
14.18440938,13715	0	0	0	3428.75
14.18440938,13715	0	0	0	3428.75
14.18440938,13715	0	0	0	3428.75
14.18440938,13715	0	0	0	3428.75
14.18440938,13715	0	0	0	3428.75
14.18440938,13715	0	0	0	3428.75
14.18440938,13715	0	0	0	3428.75
14.18440938,13715	0	0	0	3428.75
14.18440938,13715	0	0	0	3428.75
15.1955635548,14274	0	0	0	3568.5
15.1955635548,14274	0	0	0	3568.5
15.1955635548,14274	0	0	0	3568.5
15.1955635548,14274	0	0	0	3568.5
15.1955635548,14274	0	0	0	3568.5
15.1955635548,14274	0	0	0	3568.5
15.1955635548,14274	0	0	0	3568.5
15.1955635548,14274	0	0	0	3568.5
15.1955635548,14274	0	0	0	3568.5
15.1955635548,14274	0	0	0	3568.5
16.2405383587,15163	0	0	0	3790.75
16.2405383587,15163	0	0	0	3790.75
16.2405383587,15163	0	0	0	3790.75
16.2405383587,15163	0	0	0	3790.75
16.2405383587,15163	0	0	0	3790.75
16.2405383587,15163	0	0	0	3790.75
16.2405383587,15163	0	0	0	3790.75
16.2405383587,15163	0	0	0	3790.75
16.2405383587,15163	0	0	0	3790.75
16.2405383587,15163	0	0	0	3790.75
16.2405383587,15163	0	0	0	3790.75
17.278717041,16465	0	0	0	4116.25
17.278717041,16465	0	0	0	4116.25
17.278717041,16465	0	0	0	4116.25
17.278717041,16465	0	0	0	4116.25
17.278717041,16465	0	0	0	4116.25
17.278717041,16465	0	0	0	4116.25
17.278717041,16465	0	0	0	4116.25
17.278717041,16465	0	0	0	4116.25
17.278717041,16465	0	0	0	4116.25
17.278717041,16465	0	0	0	4116.25
18.2806928158,16413	0	0	0	4103.25
18.2806928158,16413	0	0	0	4103.25
18.2806928158,16413	0	0	0	4103.25
18.2806928158,16413	0	0	0	4103.25
18.2806928158,16413	0	0	0	4103.25
18.2806928158,16413	0	0	0	4103.25
18.2806928158,16413	0	0	0	4103.25
18.2806928158,16413	0	0	0	4103.25
18.2806928158,16413	0	0	0	4103.25
18.2806928158,16413	0	0	0	4103.25
19.2843532562,16385	0	0	0	4096.25
19.2843532562,16385	0	0	0	4096.25
19.2843532562,16385	0	0	0	4096.25
19.2843532562,16385	0	0	0	4096.25
19.2843532562,16385	0	0	0	4096.25
19.2843532562,16385	0	0	0	4096.25
19.2843532562,16385	0	0	0	4096.25
19.2843532562,16385	0	0	0	4096.25
19.2843532562,16385	0	0	0	4096.25
19.2843532562,16385	0	0	0	4096.25
