0.0,12185	0	0	0	3046.25
0.0,12185	0	0	0	3046.25
0.0,12185	0	0	0	3046.25
0.0,12185	0	0	0	3046.25
0.0,12185	0	0	0	3046.25
0.0,12185	0	0	0	3046.25
0.0,12185	0	0	0	3046.25
0.0,12185	0	0	0	3046.25
0.0,12185	0	0	0	3046.25
0.0,12185	0	0	0	3046.25
1.00997376442,12206	0	0	0	3051.5
1.00997376442,12206	0	0	0	3051.5
1.00997376442,12206	0	0	0	3051.5
1.00997376442,12206	0	0	0	3051.5
1.00997376442,12206	0	0	0	3051.5
1.00997376442,12206	0	0	0	3051.5
1.00997376442,12206	0	0	0	3051.5
1.00997376442,12206	0	0	0	3051.5
1.00997376442,12206	0	0	0	3051.5
1.00997376442,12206	0	0	0	3051.5
2.01932001114,12182	0	0	0	3045.5
2.01932001114,12182	0	0	0	3045.5
2.01932001114,12182	0	0	0	3045.5
2.01932001114,12182	0	0	0	3045.5
2.01932001114,12182	0	0	0	3045.5
2.01932001114,12182	0	0	0	3045.5
2.01932001114,12182	0	0	0	3045.5
2.01932001114,12182	0	0	0	3045.5
2.01932001114,12182	0	0	0	3045.5
2.01932001114,12182	0	0	0	3045.5
3.03067851067,12148	0	0	0	3037.0
3.03067851067,12148	0	0	0	3037.0
3.03067851067,12148	0	0	0	3037.0
3.03067851067,12148	0	0	0	3037.0
3.03067851067,12148	0	0	0	3037.0
3.03067851067,12148	0	0	0	3037.0
3.03067851067,12148	0	0	0	3037.0
3.03067851067,12148	0	0	0	3037.0
3.03067851067,12148	0	0	0	3037.0
3.03067851067,12148	0	0	0	3037.0
4.03088998795,12161	0	0	0	3040.25
4.03088998795,12161	0	0	0	3040.25
4.03088998795,12161	0	0	0	3040.25
4.03088998795,12161	0	0	0	3040.25
4.03088998795,12161	0	0	0	3040.25
4.03088998795,12161	0	0	0	3040.25
4.03088998795,12161	0	0	0	3040.25
4.03088998795,12161	0	0	0	3040.25
4.03088998795,12161	0	0	0	3040.25
4.03088998795,12161	0	0	0	3040.25
5.03828024864,12201	0	0	0	3050.25
5.03828024864,12201	0	0	0	3050.25
5.03828024864,12201	0	0	0	3050.25
5.03828024864,12201	0	0	0	3050.25
5.03828024864,12201	0	0	0	3050.25
5.03828024864,12201	0	0	0	3050.25
5.03828024864,12201	0	0	0	3050.25
5.03828024864,12201	0	0	0	3050.25
5.03828024864,12201	0	0	0	3050.25
5.03828024864,12201	0	0	0	3050.25
6.05593895912,12174	0	0	0	3043.5
6.05593895912,12174	0	0	0	3043.5
6.05593895912,12174	0	0	0	3043.5
6.05593895912,12174	0	0	0	3043.5
6.05593895912,12174	0	0	0	3043.5
6.05593895912,12174	0	0	0	3043.5
6.05593895912,12174	0	0	0	3043.5
6.05593895912,12174	0	0	0	3043.5
6.05593895912,12174	0	0	0	3043.5
6.05593895912,12174	0	0	0	3043.5
7.06762623787,12205	0	0	0	3051.25
7.06762623787,12205	0	0	0	3051.25
7.06762623787,12205	0	0	0	3051.25
7.06762623787,12205	0	0	0	3051.25
7.06762623787,12205	0	0	0	3051.25
7.06762623787,12205	0	0	0	3051.25
7.06762623787,12205	0	0	0	3051.25
7.06762623787,12205	0	0	0	3051.25
7.06762623787,12205	0	0	0	3051.25
7.06762623787,12205	0	0	0	3051.25
7.06762623787,12205	0	0	0	3051.25
8.07752609253,12091	0	0	0	3022.75
8.07752609253,12091	0	0	0	3022.75
8.07752609253,12091	0	0	0	3022.75
8.07752609253,12091	0	0	0	3022.75
8.07752609253,12091	0	0	0	3022.75
8.07752609253,12091	0	0	0	3022.75
8.07752609253,12091	0	0	0	3022.75
8.07752609253,12091	0	0	0	3022.75
8.07752609253,12091	0	0	0	3022.75
8.07752609253,12091	0	0	0	3022.75
9.08595108986,12182	0	0	0	3045.5
9.08595108986,12182	0	0	0	3045.5
9.08595108986,12182	0	0	0	3045.5
9.08595108986,12182	0	0	0	3045.5
9.08595108986,12182	0	0	0	3045.5
9.08595108986,12182	0	0	0	3045.5
9.08595108986,12182	0	0	0	3045.5
9.08595108986,12182	0	0	0	3045.5
9.08595108986,12182	0	0	0	3045.5
9.08595108986,12182	0	0	0	3045.5
10.0977444649,12227	0	0	0	3056.75
10.0977444649,12227	0	0	0	3056.75
10.0977444649,12227	0	0	0	3056.75
10.0977444649,12227	0	0	0	3056.75
10.0977444649,12227	0	0	0	3056.75
10.0977444649,12227	0	0	0	3056.75
10.0977444649,12227	0	0	0	3056.75
10.0977444649,12227	0	0	0	3056.75
10.0977444649,12227	0	0	0	3056.75
10.0977444649,12227	0	0	0	3056.75
11.1091980934,12235	0	0	0	3058.75
11.1091980934,12235	0	0	0	3058.75
11.1091980934,12235	0	0	0	3058.75
11.1091980934,12235	0	0	0	3058.75
11.1091980934,12235	0	0	0	3058.75
11.1091980934,12235	0	0	0	3058.75
11.1091980934,12235	0	0	0	3058.75
11.1091980934,12235	0	0	0	3058.75
11.1091980934,12235	0	0	0	3058.75
11.1091980934,12235	0	0	0	3058.75
12.1162204742,12183	0	0	0	3045.75
12.1162204742,12183	0	0	0	3045.75
12.1162204742,12183	0	0	0	3045.75
12.1162204742,12183	0	0	0	3045.75
12.1162204742,12183	0	0	0	3045.75
12.1162204742,12183	0	0	0	3045.75
12.1162204742,12183	0	0	0	3045.75
12.1162204742,12183	0	0	0	3045.75
12.1162204742,12183	0	0	0	3045.75
12.1162204742,12183	0	0	0	3045.75
13.1182067394,12166	0	0	0	3041.5
13.1182067394,12166	0	0	0	3041.5
13.1182067394,12166	0	0	0	3041.5
13.1182067394,12166	0	0	0	3041.5
13.1182067394,12166	0	0	0	3041.5
13.1182067394,12166	0	0	0	3041.5
13.1182067394,12166	0	0	0	3041.5
13.1182067394,12166	0	0	0	3041.5
13.1182067394,12166	0	0	0	3041.5
13.1182067394,12166	0	0	0	3041.5
14.1436069012,12189	0	0	0	3047.25
14.1436069012,12189	0	0	0	3047.25
14.1436069012,12189	0	0	0	3047.25
14.1436069012,12189	0	0	0	3047.25
14.1436069012,12189	0	0	0	3047.25
14.1436069012,12189	0	0	0	3047.25
14.1436069012,12189	0	0	0	3047.25
14.1436069012,12189	0	0	0	3047.25
14.1436069012,12189	0	0	0	3047.25
14.1436069012,12189	0	0	0	3047.25
15.146617651,12256	0	0	0	3064.0
15.146617651,12256	0	0	0	3064.0
15.146617651,12256	0	0	0	3064.0
15.146617651,12256	0	0	0	3064.0
15.146617651,12256	0	0	0	3064.0
15.146617651,12256	0	0	0	3064.0
15.146617651,12256	0	0	0	3064.0
15.146617651,12256	0	0	0	3064.0
15.146617651,12256	0	0	0	3064.0
15.146617651,12256	0	0	0	3064.0
16.154009819,12284	0	0	0	3071.0
16.154009819,12284	0	0	0	3071.0
16.154009819,12284	0	0	0	3071.0
16.154009819,12284	0	0	0	3071.0
16.154009819,12284	0	0	0	3071.0
16.154009819,12284	0	0	0	3071.0
16.154009819,12284	0	0	0	3071.0
16.154009819,12284	0	0	0	3071.0
16.154009819,12284	0	0	0	3071.0
16.154009819,12284	0	0	0	3071.0
17.1564610004,12235	0	0	0	3058.75
17.1564610004,12235	0	0	0	3058.75
17.1564610004,12235	0	0	0	3058.75
17.1564610004,12235	0	0	0	3058.75
17.1564610004,12235	0	0	0	3058.75
17.1564610004,12235	0	0	0	3058.75
17.1564610004,12235	0	0	0	3058.75
17.1564610004,12235	0	0	0	3058.75
17.1564610004,12235	0	0	0	3058.75
17.1564610004,12235	0	0	0	3058.75
17.1564610004,12235	0	0	0	3058.75
18.1762878895,12162	0	0	0	3040.5
18.1762878895,12162	0	0	0	3040.5
18.1762878895,12162	0	0	0	3040.5
18.1762878895,12162	0	0	0	3040.5
18.1762878895,12162	0	0	0	3040.5
18.1762878895,12162	0	0	0	3040.5
18.1762878895,12162	0	0	0	3040.5
18.1762878895,12162	0	0	0	3040.5
18.1762878895,12162	0	0	0	3040.5
18.1762878895,12162	0	0	0	3040.5
19.1911199093,12205	0	0	0	3051.25
19.1911199093,12205	0	0	0	3051.25
19.1911199093,12205	0	0	0	3051.25
19.1911199093,12205	0	0	0	3051.25
19.1911199093,12205	0	0	0	3051.25
19.1911199093,12205	0	0	0	3051.25
19.1911199093,12205	0	0	0	3051.25
19.1911199093,12205	0	0	0	3051.25
19.1911199093,12205	0	0	0	3051.25
19.1911199093,12205	0	0	0	3051.25
20.1928281784,12242	0	0	0	3060.5
20.1928281784,12242	0	0	0	3060.5
20.1928281784,12242	0	0	0	3060.5
20.1928281784,12242	0	0	0	3060.5
20.1928281784,12242	0	0	0	3060.5
20.1928281784,12242	0	0	0	3060.5
20.1928281784,12242	0	0	0	3060.5
20.1928281784,12242	0	0	0	3060.5
20.1928281784,12242	0	0	0	3060.5
20.1928281784,12242	0	0	0	3060.5
21.208902359,12125	0	0	0	3031.25
21.208902359,12125	0	0	0	3031.25
21.208902359,12125	0	0	0	3031.25
21.208902359,12125	0	0	0	3031.25
21.208902359,12125	0	0	0	3031.25
21.208902359,12125	0	0	0	3031.25
21.208902359,12125	0	0	0	3031.25
21.208902359,12125	0	0	0	3031.25
21.208902359,12125	0	0	0	3031.25
21.208902359,12125	0	0	0	3031.25
22.2186915874,12079	0	0	0	3019.75
22.2186915874,12079	0	0	0	3019.75
22.2186915874,12079	0	0	0	3019.75
22.2186915874,12079	0	0	0	3019.75
22.2186915874,12079	0	0	0	3019.75
22.2186915874,12079	0	0	0	3019.75
22.2186915874,12079	0	0	0	3019.75
22.2186915874,12079	0	0	0	3019.75
22.2186915874,12079	0	0	0	3019.75
22.2186915874,12079	0	0	0	3019.75
23.2651851177,12116	0	0	0	3029.0
23.2651851177,12116	0	0	0	3029.0
23.2651851177,12116	0	0	0	3029.0
23.2651851177,12116	0	0	0	3029.0
23.2651851177,12116	0	0	0	3029.0
23.2651851177,12116	0	0	0	3029.0
23.2651851177,12116	0	0	0	3029.0
23.2651851177,12116	0	0	0	3029.0
23.2651851177,12116	0	0	0	3029.0
23.2651851177,12116	0	0	0	3029.0
23.2651851177,12116	0	0	0	3029.0
24.2911207676,12296	0	0	0	3074.0
24.2911207676,12296	0	0	0	3074.0
24.2911207676,12296	0	0	0	3074.0
24.2911207676,12296	0	0	0	3074.0
24.2911207676,12296	0	0	0	3074.0
24.2911207676,12296	0	0	0	3074.0
24.2911207676,12296	0	0	0	3074.0
24.2911207676,12296	0	0	0	3074.0
24.2911207676,12296	0	0	0	3074.0
24.2911207676,12296	0	0	0	3074.0
25.2990019321,12251	0	0	0	3062.75
25.2990019321,12251	0	0	0	3062.75
25.2990019321,12251	0	0	0	3062.75
25.2990019321,12251	0	0	0	3062.75
25.2990019321,12251	0	0	0	3062.75
25.2990019321,12251	0	0	0	3062.75
25.2990019321,12251	0	0	0	3062.75
25.2990019321,12251	0	0	0	3062.75
25.2990019321,12251	0	0	0	3062.75
25.2990019321,12251	0	0	0	3062.75
26.3109147549,12166	0	0	0	3041.5
26.3109147549,12166	0	0	0	3041.5
26.3109147549,12166	0	0	0	3041.5
26.3109147549,12166	0	0	0	3041.5
26.3109147549,12166	0	0	0	3041.5
26.3109147549,12166	0	0	0	3041.5
26.3109147549,12166	0	0	0	3041.5
26.3109147549,12166	0	0	0	3041.5
26.3109147549,12166	0	0	0	3041.5
26.3109147549,12166	0	0	0	3041.5
27.3169429302,12096	0	0	0	3024.0
27.3169429302,12096	0	0	0	3024.0
27.3169429302,12096	0	0	0	3024.0
27.3169429302,12096	0	0	0	3024.0
27.3169429302,12096	0	0	0	3024.0
27.3169429302,12096	0	0	0	3024.0
27.3169429302,12096	0	0	0	3024.0
27.3169429302,12096	0	0	0	3024.0
27.3169429302,12096	0	0	0	3024.0
27.3169429302,12096	0	0	0	3024.0
28.3173389435,12125	0	0	0	3031.25
28.3173389435,12125	0	0	0	3031.25
28.3173389435,12125	0	0	0	3031.25
28.3173389435,12125	0	0	0	3031.25
28.3173389435,12125	0	0	0	3031.25
28.3173389435,12125	0	0	0	3031.25
28.3173389435,12125	0	0	0	3031.25
28.3173389435,12125	0	0	0	3031.25
28.3173389435,12125	0	0	0	3031.25
28.3173389435,12125	0	0	0	3031.25
29.3433823586,12132	0	0	0	3033.0
29.3433823586,12132	0	0	0	3033.0
29.3433823586,12132	0	0	0	3033.0
29.3433823586,12132	0	0	0	3033.0
29.3433823586,12132	0	0	0	3033.0
29.3433823586,12132	0	0	0	3033.0
29.3433823586,12132	0	0	0	3033.0
29.3433823586,12132	0	0	0	3033.0
29.3433823586,12132	0	0	0	3033.0
29.3433823586,12132	0	0	0	3033.0
30.3451185226,12116	0	0	0	3029.0
30.3451185226,12116	0	0	0	3029.0
30.3451185226,12116	0	0	0	3029.0
30.3451185226,12116	0	0	0	3029.0
30.3451185226,12116	0	0	0	3029.0
30.3451185226,12116	0	0	0	3029.0
30.3451185226,12116	0	0	0	3029.0
30.3451185226,12116	0	0	0	3029.0
30.3451185226,12116	0	0	0	3029.0
30.3451185226,12116	0	0	0	3029.0
31.3539071083,12096	0	0	0	3024.0
31.3539071083,12096	0	0	0	3024.0
31.3539071083,12096	0	0	0	3024.0
31.3539071083,12096	0	0	0	3024.0
31.3539071083,12096	0	0	0	3024.0
31.3539071083,12096	0	0	0	3024.0
31.3539071083,12096	0	0	0	3024.0
31.3539071083,12096	0	0	0	3024.0
31.3539071083,12096	0	0	0	3024.0
31.3539071083,12096	0	0	0	3024.0
32.3624842167,12083	0	0	0	3020.75
32.3624842167,12083	0	0	0	3020.75
32.3624842167,12083	0	0	0	3020.75
32.3624842167,12083	0	0	0	3020.75
32.3624842167,12083	0	0	0	3020.75
32.3624842167,12083	0	0	0	3020.75
32.3624842167,12083	0	0	0	3020.75
32.3624842167,12083	0	0	0	3020.75
32.3624842167,12083	0	0	0	3020.75
32.3624842167,12083	0	0	0	3020.75
33.3701345921,12087	0	0	0	3021.75
33.3701345921,12087	0	0	0	3021.75
33.3701345921,12087	0	0	0	3021.75
33.3701345921,12087	0	0	0	3021.75
33.3701345921,12087	0	0	0	3021.75
33.3701345921,12087	0	0	0	3021.75
33.3701345921,12087	0	0	0	3021.75
33.3701345921,12087	0	0	0	3021.75
33.3701345921,12087	0	0	0	3021.75
33.3701345921,12087	0	0	0	3021.75
33.3701345921,12087	0	0	0	3021.75
34.3838362694,12069	0	0	0	3017.25
34.3838362694,12069	0	0	0	3017.25
34.3838362694,12069	0	0	0	3017.25
34.3838362694,12069	0	0	0	3017.25
34.3838362694,12069	0	0	0	3017.25
34.3838362694,12069	0	0	0	3017.25
34.3838362694,12069	0	0	0	3017.25
34.3838362694,12069	0	0	0	3017.25
34.3838362694,12069	0	0	0	3017.25
34.3838362694,12069	0	0	0	3017.25
35.3927996159,12034	0	0	0	3008.5
35.3927996159,12034	0	0	0	3008.5
35.3927996159,12034	0	0	0	3008.5
35.3927996159,12034	0	0	0	3008.5
35.3927996159,12034	0	0	0	3008.5
35.3927996159,12034	0	0	0	3008.5
35.3927996159,12034	0	0	0	3008.5
35.3927996159,12034	0	0	0	3008.5
35.3927996159,12034	0	0	0	3008.5
35.3927996159,12034	0	0	0	3008.5
36.4038081169,12041	0	0	0	3010.25
36.4038081169,12041	0	0	0	3010.25
36.4038081169,12041	0	0	0	3010.25
36.4038081169,12041	0	0	0	3010.25
36.4038081169,12041	0	0	0	3010.25
36.4038081169,12041	0	0	0	3010.25
36.4038081169,12041	0	0	0	3010.25
36.4038081169,12041	0	0	0	3010.25
36.4038081169,12041	0	0	0	3010.25
36.4038081169,12041	0	0	0	3010.25
37.4223258495,11982	0	0	0	2995.5
37.4223258495,11982	0	0	0	2995.5
37.4223258495,11982	0	0	0	2995.5
37.4223258495,11982	0	0	0	2995.5
37.4223258495,11982	0	0	0	2995.5
37.4223258495,11982	0	0	0	2995.5
37.4223258495,11982	0	0	0	2995.5
37.4223258495,11982	0	0	0	2995.5
37.4223258495,11982	0	0	0	2995.5
37.4223258495,11982	0	0	0	2995.5
38.4347369671,12011	0	0	0	3002.75
38.4347369671,12011	0	0	0	3002.75
38.4347369671,12011	0	0	0	3002.75
38.4347369671,12011	0	0	0	3002.75
38.4347369671,12011	0	0	0	3002.75
38.4347369671,12011	0	0	0	3002.75
38.4347369671,12011	0	0	0	3002.75
38.4347369671,12011	0	0	0	3002.75
38.4347369671,12011	0	0	0	3002.75
38.4347369671,12011	0	0	0	3002.75
39.4450273514,12011	0	0	0	3002.75
39.4450273514,12011	0	0	0	3002.75
39.4450273514,12011	0	0	0	3002.75
39.4450273514,12011	0	0	0	3002.75
39.4450273514,12011	0	0	0	3002.75
39.4450273514,12011	0	0	0	3002.75
39.4450273514,12011	0	0	0	3002.75
39.4450273514,12011	0	0	0	3002.75
39.4450273514,12011	0	0	0	3002.75
39.4450273514,12011	0	0	0	3002.75
40.453422308,12024	0	0	0	3006.0
40.453422308,12024	0	0	0	3006.0
40.453422308,12024	0	0	0	3006.0
40.453422308,12024	0	0	0	3006.0
40.453422308,12024	0	0	0	3006.0
40.453422308,12024	0	0	0	3006.0
40.453422308,12024	0	0	0	3006.0
40.453422308,12024	0	0	0	3006.0
40.453422308,12024	0	0	0	3006.0
40.453422308,12024	0	0	0	3006.0
40.453422308,12024	0	0	0	3006.0
41.464754343,12028	0	0	0	3007.0
41.464754343,12028	0	0	0	3007.0
41.464754343,12028	0	0	0	3007.0
41.464754343,12028	0	0	0	3007.0
41.464754343,12028	0	0	0	3007.0
41.464754343,12028	0	0	0	3007.0
41.464754343,12028	0	0	0	3007.0
41.464754343,12028	0	0	0	3007.0
41.464754343,12028	0	0	0	3007.0
41.464754343,12028	0	0	0	3007.0
42.4674491882,12056	0	0	0	3014.0
42.4674491882,12056	0	0	0	3014.0
42.4674491882,12056	0	0	0	3014.0
42.4674491882,12056	0	0	0	3014.0
42.4674491882,12056	0	0	0	3014.0
42.4674491882,12056	0	0	0	3014.0
42.4674491882,12056	0	0	0	3014.0
42.4674491882,12056	0	0	0	3014.0
42.4674491882,12056	0	0	0	3014.0
42.4674491882,12056	0	0	0	3014.0
43.4873948097,12011	0	0	0	3002.75
43.4873948097,12011	0	0	0	3002.75
43.4873948097,12011	0	0	0	3002.75
43.4873948097,12011	0	0	0	3002.75
43.4873948097,12011	0	0	0	3002.75
43.4873948097,12011	0	0	0	3002.75
43.4873948097,12011	0	0	0	3002.75
43.4873948097,12011	0	0	0	3002.75
43.4873948097,12011	0	0	0	3002.75
43.4873948097,12011	0	0	0	3002.75
44.4907007217,12051	0	0	0	3012.75
44.4907007217,12051	0	0	0	3012.75
44.4907007217,12051	0	0	0	3012.75
44.4907007217,12051	0	0	0	3012.75
44.4907007217,12051	0	0	0	3012.75
44.4907007217,12051	0	0	0	3012.75
44.4907007217,12051	0	0	0	3012.75
44.4907007217,12051	0	0	0	3012.75
44.4907007217,12051	0	0	0	3012.75
44.4907007217,12051	0	0	0	3012.75
45.5015525818,11680	0	0	0	2920.0
45.5015525818,11680	0	0	0	2920.0
45.5015525818,11680	0	0	0	2920.0
45.5015525818,11680	0	0	0	2920.0
45.5015525818,11680	0	0	0	2920.0
45.5015525818,11680	0	0	0	2920.0
45.5015525818,11680	0	0	0	2920.0
45.5015525818,11680	0	0	0	2920.0
45.5015525818,11680	0	0	0	2920.0
45.5015525818,11680	0	0	0	2920.0
46.5235755444,11999	0	0	0	2999.75
46.5235755444,11999	0	0	0	2999.75
46.5235755444,11999	0	0	0	2999.75
46.5235755444,11999	0	0	0	2999.75
46.5235755444,11999	0	0	0	2999.75
46.5235755444,11999	0	0	0	2999.75
46.5235755444,11999	0	0	0	2999.75
46.5235755444,11999	0	0	0	2999.75
46.5235755444,11999	0	0	0	2999.75
46.5235755444,11999	0	0	0	2999.75
47.524296999,11984	0	0	0	2996.0
47.524296999,11984	0	0	0	2996.0
47.524296999,11984	0	0	0	2996.0
47.524296999,11984	0	0	0	2996.0
