0.0,-17321	0	0	0	-4330.25
0.0,-17321	0	0	0	-4330.25
0.0,-17321	0	0	0	-4330.25
0.0,-17321	0	0	0	-4330.25
0.0,-17321	0	0	0	-4330.25
0.0,-17321	0	0	0	-4330.25
0.0,-17321	0	0	0	-4330.25
0.0,-17321	0	0	0	-4330.25
0.0,-17321	0	0	0	-4330.25
0.0,-17321	0	0	0	-4330.25
0.0,-17321	0	0	0	-4330.25
1.02717685699,-16401	0	0	0	-4100.25
1.02717685699,-16401	0	0	0	-4100.25
1.02717685699,-16401	0	0	0	-4100.25
1.02717685699,-16401	0	0	0	-4100.25
1.02717685699,-16401	0	0	0	-4100.25
1.02717685699,-16401	0	0	0	-4100.25
1.02717685699,-16401	0	0	0	-4100.25
1.02717685699,-16401	0	0	0	-4100.25
1.02717685699,-16401	0	0	0	-4100.25
1.02717685699,-16401	0	0	0	-4100.25
2.04032635689,16310	0	0	0	4077.5
2.04032635689,16310	0	0	0	4077.5
2.04032635689,16310	0	0	0	4077.5
2.04032635689,16310	0	0	0	4077.5
2.04032635689,16310	0	0	0	4077.5
2.04032635689,16310	0	0	0	4077.5
2.04032635689,16310	0	0	0	4077.5
2.04032635689,16310	0	0	0	4077.5
2.04032635689,16310	0	0	0	4077.5
2.04032635689,16310	0	0	0	4077.5
3.05838775635,14906	0	0	0	3726.5
3.05838775635,14906	0	0	0	3726.5
3.05838775635,14906	0	0	0	3726.5
3.05838775635,14906	0	0	0	3726.5
3.05838775635,14906	0	0	0	3726.5
3.05838775635,14906	0	0	0	3726.5
3.05838775635,14906	0	0	0	3726.5
3.05838775635,14906	0	0	0	3726.5
3.05838775635,14906	0	0	0	3726.5
3.05838775635,14906	0	0	0	3726.5
4.07573199272,14030	0	0	0	3507.5
4.07573199272,14030	0	0	0	3507.5
4.07573199272,14030	0	0	0	3507.5
4.07573199272,14030	0	0	0	3507.5
4.07573199272,14030	0	0	0	3507.5
4.07573199272,14030	0	0	0	3507.5
4.07573199272,14030	0	0	0	3507.5
4.07573199272,14030	0	0	0	3507.5
4.07573199272,14030	0	0	0	3507.5
4.07573199272,14030	0	0	0	3507.5
5.07675814629,13460	0	0	0	3365.0
5.07675814629,13460	0	0	0	3365.0
5.07675814629,13460	0	0	0	3365.0
5.07675814629,13460	0	0	0	3365.0
5.07675814629,13460	0	0	0	3365.0
5.07675814629,13460	0	0	0	3365.0
5.07675814629,13460	0	0	0	3365.0
5.07675814629,13460	0	0	0	3365.0
5.07675814629,13460	0	0	0	3365.0
5.07675814629,13460	0	0	0	3365.0
6.07943153381,12964	0	0	0	3241.0
6.07943153381,12964	0	0	0	3241.0
6.07943153381,12964	0	0	0	3241.0
6.07943153381,12964	0	0	0	3241.0
6.07943153381,12964	0	0	0	3241.0
6.07943153381,12964	0	0	0	3241.0
6.07943153381,12964	0	0	0	3241.0
6.07943153381,12964	0	0	0	3241.0
6.07943153381,12964	0	0	0	3241.0
6.07943153381,12964	0	0	0	3241.0
7.08800578117,12525	0	0	0	3131.25
7.08800578117,12525	0	0	0	3131.25
7.08800578117,12525	0	0	0	3131.25
7.08800578117,12525	0	0	0	3131.25
7.08800578117,12525	0	0	0	3131.25
7.08800578117,12525	0	0	0	3131.25
7.08800578117,12525	0	0	0	3131.25
7.08800578117,12525	0	0	0	3131.25
7.08800578117,12525	0	0	0	3131.25
7.08800578117,12525	0	0	0	3131.25
8.09184241295,12232	0	0	0	3058.0
8.09184241295,12232	0	0	0	3058.0
8.09184241295,12232	0	0	0	3058.0
8.09184241295,12232	0	0	0	3058.0
8.09184241295,12232	0	0	0	3058.0
8.09184241295,12232	0	0	0	3058.0
8.09184241295,12232	0	0	0	3058.0
8.09184241295,12232	0	0	0	3058.0
8.09184241295,12232	0	0	0	3058.0
8.09184241295,12232	0	0	0	3058.0
9.10657906532,11929	0	0	0	2982.25
9.10657906532,11929	0	0	0	2982.25
9.10657906532,11929	0	0	0	2982.25
9.10657906532,11929	0	0	0	2982.25
9.10657906532,11929	0	0	0	2982.25
9.10657906532,11929	0	0	0	2982.25
9.10657906532,11929	0	0	0	2982.25
9.10657906532,11929	0	0	0	2982.25
9.10657906532,11929	0	0	0	2982.25
9.10657906532,11929	0	0	0	2982.25
9.10657906532,11929	0	0	0	2982.25
10.119592905,11659	0	0	0	2914.75
10.119592905,11659	0	0	0	2914.75
10.119592905,11659	0	0	0	2914.75
10.119592905,11659	0	0	0	2914.75
10.119592905,11659	0	0	0	2914.75
10.119592905,11659	0	0	0	2914.75
10.119592905,11659	0	0	0	2914.75
10.119592905,11659	0	0	0	2914.75
10.119592905,11659	0	0	0	2914.75
10.119592905,11659	0	0	0	2914.75
11.1434543133,11427	0	0	0	2856.75
11.1434543133,11427	0	0	0	2856.75
11.1434543133,11427	0	0	0	2856.75
11.1434543133,11427	0	0	0	2856.75
11.1434543133,11427	0	0	0	2856.75
11.1434543133,11427	0	0	0	2856.75
11.1434543133,11427	0	0	0	2856.75
11.1434543133,11427	0	0	0	2856.75
11.1434543133,11427	0	0	0	2856.75
11.1434543133,11427	0	0	0	2856.75
12.1540873051,11314	0	0	0	2828.5
12.1540873051,11314	0	0	0	2828.5
12.1540873051,11314	0	0	0	2828.5
12.1540873051,11314	0	0	0	2828.5
12.1540873051,11314	0	0	0	2828.5
12.1540873051,11314	0	0	0	2828.5
12.1540873051,11314	0	0	0	2828.5
12.1540873051,11314	0	0	0	2828.5
12.1540873051,11314	0	0	0	2828.5
12.1540873051,11314	0	0	0	2828.5
13.1618731022,10990	0	0	0	2747.5
13.1618731022,10990	0	0	0	2747.5
13.1618731022,10990	0	0	0	2747.5
13.1618731022,10990	0	0	0	2747.5
13.1618731022,10990	0	0	0	2747.5
13.1618731022,10990	0	0	0	2747.5
13.1618731022,10990	0	0	0	2747.5
13.1618731022,10990	0	0	0	2747.5
13.1618731022,10990	0	0	0	2747.5
13.1618731022,10990	0	0	0	2747.5
14.1679458618,10833	0	0	0	2708.25
14.1679458618,10833	0	0	0	2708.25
14.1679458618,10833	0	0	0	2708.25
14.1679458618,10833	0	0	0	2708.25
14.1679458618,10833	0	0	0	2708.25
14.1679458618,10833	0	0	0	2708.25
14.1679458618,10833	0	0	0	2708.25
14.1679458618,10833	0	0	0	2708.25
14.1679458618,10833	0	0	0	2708.25
14.1679458618,10833	0	0	0	2708.25
15.1760582924,10761	0	0	0	2690.25
15.1760582924,10761	0	0	0	2690.25
15.1760582924,10761	0	0	0	2690.25
15.1760582924,10761	0	0	0	2690.25
15.1760582924,10761	0	0	0	2690.25
15.1760582924,10761	0	0	0	2690.25
15.1760582924,10761	0	0	0	2690.25
15.1760582924,10761	0	0	0	2690.25
15.1760582924,10761	0	0	0	2690.25
15.1760582924,10761	0	0	0	2690.25
16.1787984371,10553	0	0	0	2638.25
16.1787984371,10553	0	0	0	2638.25
16.1787984371,10553	0	0	0	2638.25
16.1787984371,10553	0	0	0	2638.25
16.1787984371,10553	0	0	0	2638.25
16.1787984371,10553	0	0	0	2638.25
16.1787984371,10553	0	0	0	2638.25
16.1787984371,10553	0	0	0	2638.25
16.1787984371,10553	0	0	0	2638.25
16.1787984371,10553	0	0	0	2638.25
17.1866366863,10490	0	0	0	2622.5
17.1866366863,10490	0	0	0	2622.5
17.1866366863,10490	0	0	0	2622.5
17.1866366863,10490	0	0	0	2622.5
17.1866366863,10490	0	0	0	2622.5
17.1866366863,10490	0	0	0	2622.5
17.1866366863,10490	0	0	0	2622.5
17.1866366863,10490	0	0	0	2622.5
17.1866366863,10490	0	0	0	2622.5
17.1866366863,10490	0	0	0	2622.5
18.1942121983,10355	0	0	0	2588.75
18.1942121983,10355	0	0	0	2588.75
18.1942121983,10355	0	0	0	2588.75
18.1942121983,10355	0	0	0	2588.75
18.1942121983,10355	0	0	0	2588.75
18.1942121983,10355	0	0	0	2588.75
18.1942121983,10355	0	0	0	2588.75
18.1942121983,10355	0	0	0	2588.75
18.1942121983,10355	0	0	0	2588.75
18.1942121983,10355	0	0	0	2588.75
18.1942121983,10355	0	0	0	2588.75
19.1989750862,10239	0	0	0	2559.75
19.1989750862,10239	0	0	0	2559.75
19.1989750862,10239	0	0	0	2559.75
19.1989750862,10239	0	0	0	2559.75
19.1989750862,10239	0	0	0	2559.75
19.1989750862,10239	0	0	0	2559.75
19.1989750862,10239	0	0	0	2559.75
19.1989750862,10239	0	0	0	2559.75
19.1989750862,10239	0	0	0	2559.75
20.2165298462,10194	0	0	0	2548.5
20.2165298462,10194	0	0	0	2548.5
20.2165298462,10194	0	0	0	2548.5
20.2165298462,10194	0	0	0	2548.5
20.2165298462,10194	0	0	0	2548.5
20.2165298462,10194	0	0	0	2548.5
20.2165298462,10194	0	0	0	2548.5
20.2165298462,10194	0	0	0	2548.5
20.2165298462,10194	0	0	0	2548.5
20.2165298462,10194	0	0	0	2548.5
20.2165298462,10194	0	0	0	2548.5
21.2204856873,10199	0	0	0	2549.75
21.2204856873,10199	0	0	0	2549.75
21.2204856873,10199	0	0	0	2549.75
21.2204856873,10199	0	0	0	2549.75
21.2204856873,10199	0	0	0	2549.75
21.2204856873,10199	0	0	0	2549.75
21.2204856873,10199	0	0	0	2549.75
21.2204856873,10199	0	0	0	2549.75
21.2204856873,10199	0	0	0	2549.75
21.2204856873,10199	0	0	0	2549.75
22.2386548519,10008	0	0	0	2502.0
22.2386548519,10008	0	0	0	2502.0
22.2386548519,10008	0	0	0	2502.0
22.2386548519,10008	0	0	0	2502.0
22.2386548519,10008	0	0	0	2502.0
22.2386548519,10008	0	0	0	2502.0
22.2386548519,10008	0	0	0	2502.0
22.2386548519,10008	0	0	0	2502.0
22.2386548519,10008	0	0	0	2502.0
22.2386548519,10008	0	0	0	2502.0
23.2471563816,10036	0	0	0	2509.0
23.2471563816,10036	0	0	0	2509.0
23.2471563816,10036	0	0	0	2509.0
23.2471563816,10036	0	0	0	2509.0
23.2471563816,10036	0	0	0	2509.0
23.2471563816,10036	0	0	0	2509.0
23.2471563816,10036	0	0	0	2509.0
23.2471563816,10036	0	0	0	2509.0
23.2471563816,10036	0	0	0	2509.0
23.2471563816,10036	0	0	0	2509.0
24.2592868805,9967	0	0	0	2491.75
24.2592868805,9967	0	0	0	2491.75
24.2592868805,9967	0	0	0	2491.75
24.2592868805,9967	0	0	0	2491.75
24.2592868805,9967	0	0	0	2491.75
24.2592868805,9967	0	0	0	2491.75
24.2592868805,9967	0	0	0	2491.75
24.2592868805,9967	0	0	0	2491.75
24.2592868805,9967	0	0	0	2491.75
24.2592868805,9967	0	0	0	2491.75
25.2873258591,9796	0	0	0	2449.0
25.2873258591,9796	0	0	0	2449.0
25.2873258591,9796	0	0	0	2449.0
25.2873258591,9796	0	0	0	2449.0
25.2873258591,9796	0	0	0	2449.0
25.2873258591,9796	0	0	0	2449.0
25.2873258591,9796	0	0	0	2449.0
25.2873258591,9796	0	0	0	2449.0
25.2873258591,9796	0	0	0	2449.0
25.2873258591,9796	0	0	0	2449.0
26.2974097729,9914	0	0	0	2478.5
26.2974097729,9914	0	0	0	2478.5
26.2974097729,9914	0	0	0	2478.5
26.2974097729,9914	0	0	0	2478.5
26.2974097729,9914	0	0	0	2478.5
26.2974097729,9914	0	0	0	2478.5
26.2974097729,9914	0	0	0	2478.5
26.2974097729,9914	0	0	0	2478.5
26.2974097729,9914	0	0	0	2478.5
26.2974097729,9914	0	0	0	2478.5
27.3049135208,9799	0	0	0	2449.75
27.3049135208,9799	0	0	0	2449.75
27.3049135208,9799	0	0	0	2449.75
27.3049135208,9799	0	0	0	2449.75
27.3049135208,9799	0	0	0	2449.75
27.3049135208,9799	0	0	0	2449.75
27.3049135208,9799	0	0	0	2449.75
27.3049135208,9799	0	0	0	2449.75
27.3049135208,9799	0	0	0	2449.75
27.3049135208,9799	0	0	0	2449.75
27.3049135208,9799	0	0	0	2449.75
28.3115735054,9900	0	0	0	2475.0
28.3115735054,9900	0	0	0	2475.0
28.3115735054,9900	0	0	0	2475.0
28.3115735054,9900	0	0	0	2475.0
28.3115735054,9900	0	0	0	2475.0
28.3115735054,9900	0	0	0	2475.0
28.3115735054,9900	0	0	0	2475.0
28.3115735054,9900	0	0	0	2475.0
28.3115735054,9900	0	0	0	2475.0
28.3115735054,9900	0	0	0	2475.0
29.3194210529,9413	0	0	0	2353.25
29.3194210529,9413	0	0	0	2353.25
29.3194210529,9413	0	0	0	2353.25
29.3194210529,9413	0	0	0	2353.25
29.3194210529,9413	0	0	0	2353.25
29.3194210529,9413	0	0	0	2353.25
29.3194210529,9413	0	0	0	2353.25
29.3194210529,9413	0	0	0	2353.25
29.3194210529,9413	0	0	0	2353.25
29.3194210529,9413	0	0	0	2353.25
30.3213837147,9788	0	0	0	2447.0
30.3213837147,9788	0	0	0	2447.0
30.3213837147,9788	0	0	0	2447.0
30.3213837147,9788	0	0	0	2447.0
30.3213837147,9788	0	0	0	2447.0
30.3213837147,9788	0	0	0	2447.0
30.3213837147,9788	0	0	0	2447.0
30.3213837147,9788	0	0	0	2447.0
30.3213837147,9788	0	0	0	2447.0
30.3213837147,9788	0	0	0	2447.0
31.3239388466,9851	0	0	0	2462.75
31.3239388466,9851	0	0	0	2462.75
31.3239388466,9851	0	0	0	2462.75
31.3239388466,9851	0	0	0	2462.75
31.3239388466,9851	0	0	0	2462.75
31.3239388466,9851	0	0	0	2462.75
31.3239388466,9851	0	0	0	2462.75
31.3239388466,9851	0	0	0	2462.75
31.3239388466,9851	0	0	0	2462.75
31.3239388466,9851	0	0	0	2462.75
32.335971117,9910	0	0	0	2477.5
32.335971117,9910	0	0	0	2477.5
32.335971117,9910	0	0	0	2477.5
32.335971117,9910	0	0	0	2477.5
32.335971117,9910	0	0	0	2477.5
32.335971117,9910	0	0	0	2477.5
32.335971117,9910	0	0	0	2477.5
32.335971117,9910	0	0	0	2477.5
32.335971117,9910	0	0	0	2477.5
32.335971117,9910	0	0	0	2477.5
33.3460617065,9971	0	0	0	2492.75
33.3460617065,9971	0	0	0	2492.75
33.3460617065,9971	0	0	0	2492.75
33.3460617065,9971	0	0	0	2492.75
33.3460617065,9971	0	0	0	2492.75
33.3460617065,9971	0	0	0	2492.75
33.3460617065,9971	0	0	0	2492.75
33.3460617065,9971	0	0	0	2492.75
33.3460617065,9971	0	0	0	2492.75
33.3460617065,9971	0	0	0	2492.75
34.361061573,9880	0	0	0	2470.0
34.361061573,9880	0	0	0	2470.0
34.361061573,9880	0	0	0	2470.0
34.361061573,9880	0	0	0	2470.0
34.361061573,9880	0	0	0	2470.0
34.361061573,9880	0	0	0	2470.0
34.361061573,9880	0	0	0	2470.0
34.361061573,9880	0	0	0	2470.0
34.361061573,9880	0	0	0	2470.0
34.361061573,9880	0	0	0	2470.0
35.3765318394,9902	0	0	0	2475.5
35.3765318394,9902	0	0	0	2475.5
35.3765318394,9902	0	0	0	2475.5
35.3765318394,9902	0	0	0	2475.5
35.3765318394,9902	0	0	0	2475.5
35.3765318394,9902	0	0	0	2475.5
35.3765318394,9902	0	0	0	2475.5
35.3765318394,9902	0	0	0	2475.5
35.3765318394,9902	0	0	0	2475.5
35.3765318394,9902	0	0	0	2475.5
36.3901643753,10008	0	0	0	2502.0
36.3901643753,10008	0	0	0	2502.0
36.3901643753,10008	0	0	0	2502.0
36.3901643753,10008	0	0	0	2502.0
36.3901643753,10008	0	0	0	2502.0
36.3901643753,10008	0	0	0	2502.0
36.3901643753,10008	0	0	0	2502.0
36.3901643753,10008	0	0	0	2502.0
36.3901643753,10008	0	0	0	2502.0
36.3901643753,10008	0	0	0	2502.0
37.3968653679,9948	0	0	0	2487.0
37.3968653679,9948	0	0	0	2487.0
37.3968653679,9948	0	0	0	2487.0
37.3968653679,9948	0	0	0	2487.0
37.3968653679,9948	0	0	0	2487.0
37.3968653679,9948	0	0	0	2487.0
37.3968653679,9948	0	0	0	2487.0
37.3968653679,9948	0	0	0	2487.0
37.3968653679,9948	0	0	0	2487.0
37.3968653679,9948	0	0	0	2487.0
38.4007549286,10048	0	0	0	2512.0
38.4007549286,10048	0	0	0	2512.0
38.4007549286,10048	0	0	0	2512.0
38.4007549286,10048	0	0	0	2512.0
38.4007549286,10048	0	0	0	2512.0
38.4007549286,10048	0	0	0	2512.0
38.4007549286,10048	0	0	0	2512.0
38.4007549286,10048	0	0	0	2512.0
38.4007549286,10048	0	0	0	2512.0
38.4007549286,10048	0	0	0	2512.0
39.4091000557,9998	0	0	0	2499.5
39.4091000557,9998	0	0	0	2499.5
39.4091000557,9998	0	0	0	2499.5
39.4091000557,9998	0	0	0	2499.5
39.4091000557,9998	0	0	0	2499.5
39.4091000557,9998	0	0	0	2499.5
39.4091000557,9998	0	0	0	2499.5
39.4091000557,9998	0	0	0	2499.5
39.4091000557,9998	0	0	0	2499.5
39.4091000557,9998	0	0	0	2499.5
40.413589716,10194	0	0	0	2548.5
40.413589716,10194	0	0	0	2548.5
40.413589716,10194	0	0	0	2548.5
40.413589716,10194	0	0	0	2548.5
40.413589716,10194	0	0	0	2548.5
40.413589716,10194	0	0	0	2548.5
40.413589716,10194	0	0	0	2548.5
40.413589716,10194	0	0	0	2548.5
40.413589716,10194	0	0	0	2548.5
40.413589716,10194	0	0	0	2548.5
40.413589716,10194	0	0	0	2548.5
41.4173953533,10173	0	0	0	2543.25
41.4173953533,10173	0	0	0	2543.25
41.4173953533,10173	0	0	0	2543.25
41.4173953533,10173	0	0	0	2543.25
41.4173953533,10173	0	0	0	2543.25
41.4173953533,10173	0	0	0	2543.25
41.4173953533,10173	0	0	0	2543.25
41.4173953533,10173	0	0	0	2543.25
41.4173953533,10173	0	0	0	2543.25
41.4173953533,10173	0	0	0	2543.25
42.4183673859,10313	0	0	0	2578.25
42.4183673859,10313	0	0	0	2578.25
42.4183673859,10313	0	0	0	2578.25
42.4183673859,10313	0	0	0	2578.25
42.4183673859,10313	0	0	0	2578.25
42.4183673859,10313	0	0	0	2578.25
42.4183673859,10313	0	0	0	2578.25
42.4183673859,10313	0	0	0	2578.25
42.4183673859,10313	0	0	0	2578.25
42.4183673859,10313	0	0	0	2578.25
43.4336740971,10354	0	0	0	2588.5
43.4336740971,10354	0	0	0	2588.5
43.4336740971,10354	0	0	0	2588.5
43.4336740971,10354	0	0	0	2588.5
43.4336740971,10354	0	0	0	2588.5
43.4336740971,10354	0	0	0	2588.5
43.4336740971,10354	0	0	0	2588.5
43.4336740971,10354	0	0	0	2588.5
43.4336740971,10354	0	0	0	2588.5
43.4336740971,10354	0	0	0	2588.5
44.4453837872,10461	0	0	0	2615.25
44.4453837872,10461	0	0	0	2615.25
44.4453837872,10461	0	0	0	2615.25
44.4453837872,10461	0	0	0	2615.25
44.4453837872,10461	0	0	0	2615.25
44.4453837872,10461	0	0	0	2615.25
44.4453837872,10461	0	0	0	2615.25
44.4453837872,10461	0	0	0	2615.25
44.4453837872,10461	0	0	0	2615.25
44.4453837872,10461	0	0	0	2615.25
45.4557547569,10538	0	0	0	2634.5
45.4557547569,10538	0	0	0	2634.5
45.4557547569,10538	0	0	0	2634.5
45.4557547569,10538	0	0	0	2634.5
45.4557547569,10538	0	0	0	2634.5
45.4557547569,10538	0	0	0	2634.5
45.4557547569,10538	0	0	0	2634.5
45.4557547569,10538	0	0	0	2634.5
45.4557547569,10538	0	0	0	2634.5
45.4557547569,10538	0	0	0	2634.5
46.4571416378,10651	0	0	0	2662.75
46.4571416378,10651	0	0	0	2662.75
46.4571416378,10651	0	0	0	2662.75
46.4571416378,10651	0	0	0	2662.75
46.4571416378,10651	0	0	0	2662.75
46.4571416378,10651	0	0	0	2662.75
46.4571416378,10651	0	0	0	2662.75
46.4571416378,10651	0	0	0	2662.75
46.4571416378,10651	0	0	0	2662.75
46.4571416378,10651	0	0	0	2662.75
47.4639647007,10885	0	0	0	2721.25
47.4639647007,10885	0	0	0	2721.25
47.4639647007,10885	0	0	0	2721.25
47.4639647007,10885	0	0	0	2721.25
47.4639647007,10885	0	0	0	2721.25
47.4639647007,10885	0	0	0	2721.25
47.4639647007,10885	0	0	0	2721.25
47.4639647007,10885	0	0	0	2721.25
47.4639647007,10885	0	0	0	2721.25
47.4639647007,10885	0	0	0	2721.25
48.4834384918,11035	0	0	0	2758.75
48.4834384918,11035	0	0	0	2758.75
48.4834384918,11035	0	0	0	2758.75
48.4834384918,11035	0	0	0	2758.75
48.4834384918,11035	0	0	0	2758.75
48.4834384918,11035	0	0	0	2758.75
48.4834384918,11035	0	0	0	2758.75
48.4834384918,11035	0	0	0	2758.75
48.4834384918,11035	0	0	0	2758.75
48.4834384918,11035	0	0	0	2758.75
49.4936182499,11200	0	0	0	2800.0
49.4936182499,11200	0	0	0	2800.0
49.4936182499,11200	0	0	0	2800.0
49.4936182499,11200	0	0	0	2800.0
49.4936182499,11200	0	0	0	2800.0
49.4936182499,11200	0	0	0	2800.0
49.4936182499,11200	0	0	0	2800.0
49.4936182499,11200	0	0	0	2800.0
49.4936182499,11200	0	0	0	2800.0
49.4936182499,11200	0	0	0	2800.0
50.4954459667,11400	0	0	0	2850.0
50.4954459667,11400	0	0	0	2850.0
50.4954459667,11400	0	0	0	2850.0
50.4954459667,11400	0	0	0	2850.0
50.4954459667,11400	0	0	0	2850.0
50.4954459667,11400	0	0	0	2850.0
50.4954459667,11400	0	0	0	2850.0
50.4954459667,11400	0	0	0	2850.0
50.4954459667,11400	0	0	0	2850.0
50.4954459667,11400	0	0	0	2850.0
50.4954459667,11400	0	0	0	2850.0
51.5143494606,11692	0	0	0	2923.0
51.5143494606,11692	0	0	0	2923.0
51.5143494606,11692	0	0	0	2923.0
51.5143494606,11692	0	0	0	2923.0
51.5143494606,11692	0	0	0	2923.0
51.5143494606,11692	0	0	0	2923.0
51.5143494606,11692	0	0	0	2923.0
51.5143494606,11692	0	0	0	2923.0
51.5143494606,11692	0	0	0	2923.0
51.5143494606,11692	0	0	0	2923.0
52.5185029507,11863	0	0	0	2965.75
52.5185029507,11863	0	0	0	2965.75
52.5185029507,11863	0	0	0	2965.75
52.5185029507,11863	0	0	0	2965.75
52.5185029507,11863	0	0	0	2965.75
52.5185029507,11863	0	0	0	2965.75
52.5185029507,11863	0	0	0	2965.75
52.5185029507,11863	0	0	0	2965.75
52.5185029507,11863	0	0	0	2965.75
52.5185029507,11863	0	0	0	2965.75
53.5200500488,12122	0	0	0	3030.5
53.5200500488,12122	0	0	0	3030.5
53.5200500488,12122	0	0	0	3030.5
53.5200500488,12122	0	0	0	3030.5
53.5200500488,12122	0	0	0	3030.5
53.5200500488,12122	0	0	0	3030.5
53.5200500488,12122	0	0	0	3030.5
53.5200500488,12122	0	0	0	3030.5
53.5200500488,12122	0	0	0	3030.5
53.5200500488,12122	0	0	0	3030.5
54.5238201618,12474	0	0	0	3118.5
54.5238201618,12474	0	0	0	3118.5
54.5238201618,12474	0	0	0	3118.5
54.5238201618,12474	0	0	0	3118.5
54.5238201618,12474	0	0	0	3118.5
54.5238201618,12474	0	0	0	3118.5
54.5238201618,12474	0	0	0	3118.5
54.5238201618,12474	0	0	0	3118.5
54.5238201618,12474	0	0	0	3118.5
54.5238201618,12474	0	0	0	3118.5
55.5722601414,12822	0	0	0	3205.5
55.5722601414,12822	0	0	0	3205.5
55.5722601414,12822	0	0	0	3205.5
55.5722601414,12822	0	0	0	3205.5
55.5722601414,12822	0	0	0	3205.5
55.5722601414,12822	0	0	0	3205.5
55.5722601414,12822	0	0	0	3205.5
55.5722601414,12822	0	0	0	3205.5
55.5722601414,12822	0	0	0	3205.5
55.5722601414,12822	0	0	0	3205.5
56.5920932293,13279	0	0	0	3319.75
56.5920932293,13279	0	0	0	3319.75
56.5920932293,13279	0	0	0	3319.75
56.5920932293,13279	0	0	0	3319.75
56.5920932293,13279	0	0	0	3319.75
56.5920932293,13279	0	0	0	3319.75
56.5920932293,13279	0	0	0	3319.75
56.5920932293,13279	0	0	0	3319.75
56.5920932293,13279	0	0	0	3319.75
56.5920932293,13279	0	0	0	3319.75
56.5920932293,13279	0	0	0	3319.75
57.6075685024,13821	0	0	0	3455.25
57.6075685024,13821	0	0	0	3455.25
57.6075685024,13821	0	0	0	3455.25
57.6075685024,13821	0	0	0	3455.25
57.6075685024,13821	0	0	0	3455.25
57.6075685024,13821	0	0	0	3455.25
57.6075685024,13821	0	0	0	3455.25
57.6075685024,13821	0	0	0	3455.25
57.6075685024,13821	0	0	0	3455.25
57.6075685024,13821	0	0	0	3455.25
58.6111159325,14444	0	0	0	3611.0
58.6111159325,14444	0	0	0	3611.0
58.6111159325,14444	0	0	0	3611.0
58.6111159325,14444	0	0	0	3611.0
58.6111159325,14444	0	0	0	3611.0
58.6111159325,14444	0	0	0	3611.0
58.6111159325,14444	0	0	0	3611.0
58.6111159325,14444	0	0	0	3611.0
58.6111159325,14444	0	0	0	3611.0
58.6111159325,14444	0	0	0	3611.0
59.6287474632,15716	0	0	0	3929.0
59.6287474632,15716	0	0	0	3929.0
59.6287474632,15716	0	0	0	3929.0
59.6287474632,15716	0	0	0	3929.0
59.6287474632,15716	0	0	0	3929.0
59.6287474632,15716	0	0	0	3929.0
59.6287474632,15716	0	0	0	3929.0
59.6287474632,15716	0	0	0	3929.0
59.6287474632,15716	0	0	0	3929.0
59.6287474632,15716	0	0	0	3929.0
60.6353459358,16042	0	0	0	4010.5
60.6353459358,16042	0	0	0	4010.5
60.6353459358,16042	0	0	0	4010.5
60.6353459358,16042	0	0	0	4010.5
60.6353459358,16042	0	0	0	4010.5
60.6353459358,16042	0	0	0	4010.5
60.6353459358,16042	0	0	0	4010.5
60.6353459358,16042	0	0	0	4010.5
60.6353459358,16042	0	0	0	4010.5
60.6353459358,16042	0	0	0	4010.5
61.64676404,15289	0	0	0	3822.25
61.64676404,15289	0	0	0	3822.25
61.64676404,15289	0	0	0	3822.25
61.64676404,15289	0	0	0	3822.25
61.64676404,15289	0	0	0	3822.25
61.64676404,15289	0	0	0	3822.25
61.64676404,15289	0	0	0	3822.25
61.64676404,15289	0	0	0	3822.25
61.64676404,15289	0	0	0	3822.25
61.64676404,15289	0	0	0	3822.25
62.6704468727,15306	0	0	0	3826.5
62.6704468727,15306	0	0	0	3826.5
62.6704468727,15306	0	0	0	3826.5
62.6704468727,15306	0	0	0	3826.5
62.6704468727,15306	0	0	0	3826.5
62.6704468727,15306	0	0	0	3826.5
62.6704468727,15306	0	0	0	3826.5
62.6704468727,15306	0	0	0	3826.5
62.6704468727,15306	0	0	0	3826.5
62.6704468727,15306	0	0	0	3826.5
63.6771540642,15329	0	0	0	3832.25
63.6771540642,15329	0	0	0	3832.25
63.6771540642,15329	0	0	0	3832.25
63.6771540642,15329	0	0	0	3832.25
63.6771540642,15329	0	0	0	3832.25
63.6771540642,15329	0	0	0	3832.25
63.6771540642,15329	0	0	0	3832.25
63.6771540642,15329	0	0	0	3832.25
63.6771540642,15329	0	0	0	3832.25
63.6771540642,15329	0	0	0	3832.25
64.685261488,15334	0	0	0	3833.5
64.685261488,15334	0	0	0	3833.5
64.685261488,15334	0	0	0	3833.5
64.685261488,15334	0	0	0	3833.5
64.685261488,15334	0	0	0	3833.5
64.685261488,15334	0	0	0	3833.5
64.685261488,15334	0	0	0	3833.5
64.685261488,15334	0	0	0	3833.5
64.685261488,15334	0	0	0	3833.5
64.685261488,15334	0	0	0	3833.5
65.6871192455,15334	0	0	0	3833.5
