0.0,16859	0	0	0	4214.75
0.0,16859	0	0	0	4214.75
0.0,16859	0	0	0	4214.75
0.0,16859	0	0	0	4214.75
0.0,16859	0	0	0	4214.75
0.0,16859	0	0	0	4214.75
0.0,16859	0	0	0	4214.75
0.0,16859	0	0	0	4214.75
0.0,16859	0	0	0	4214.75
0.0,16859	0	0	0	4214.75
1.00149726868,16831	0	0	0	4207.75
1.00149726868,16831	0	0	0	4207.75
1.00149726868,16831	0	0	0	4207.75
1.00149726868,16831	0	0	0	4207.75
1.00149726868,16831	0	0	0	4207.75
1.00149726868,16831	0	0	0	4207.75
1.00149726868,16831	0	0	0	4207.75
1.00149726868,16831	0	0	0	4207.75
1.00149726868,16831	0	0	0	4207.75
1.00149726868,16831	0	0	0	4207.75
2.01772499084,15678	0	0	0	3919.5
2.01772499084,15678	0	0	0	3919.5
2.01772499084,15678	0	0	0	3919.5
2.01772499084,15678	0	0	0	3919.5
2.01772499084,15678	0	0	0	3919.5
2.01772499084,15678	0	0	0	3919.5
2.01772499084,15678	0	0	0	3919.5
2.01772499084,15678	0	0	0	3919.5
2.01772499084,15678	0	0	0	3919.5
2.01772499084,15678	0	0	0	3919.5
3.03630161285,15125	0	0	0	3781.25
3.03630161285,15125	0	0	0	3781.25
3.03630161285,15125	0	0	0	3781.25
3.03630161285,15125	0	0	0	3781.25
3.03630161285,15125	0	0	0	3781.25
3.03630161285,15125	0	0	0	3781.25
3.03630161285,15125	0	0	0	3781.25
3.03630161285,15125	0	0	0	3781.25
3.03630161285,15125	0	0	0	3781.25
3.03630161285,15125	0	0	0	3781.25
4.03809094429,14646	0	0	0	3661.5
4.03809094429,14646	0	0	0	3661.5
4.03809094429,14646	0	0	0	3661.5
4.03809094429,14646	0	0	0	3661.5
4.03809094429,14646	0	0	0	3661.5
4.03809094429,14646	0	0	0	3661.5
4.03809094429,14646	0	0	0	3661.5
4.03809094429,14646	0	0	0	3661.5
4.03809094429,14646	0	0	0	3661.5
4.03809094429,14646	0	0	0	3661.5
5.04218411446,14292	0	0	0	3573.0
5.04218411446,14292	0	0	0	3573.0
5.04218411446,14292	0	0	0	3573.0
5.04218411446,14292	0	0	0	3573.0
5.04218411446,14292	0	0	0	3573.0
5.04218411446,14292	0	0	0	3573.0
5.04218411446,14292	0	0	0	3573.0
5.04218411446,14292	0	0	0	3573.0
5.04218411446,14292	0	0	0	3573.0
5.04218411446,14292	0	0	0	3573.0
6.05460643768,13990	0	0	0	3497.5
6.05460643768,13990	0	0	0	3497.5
6.05460643768,13990	0	0	0	3497.5
6.05460643768,13990	0	0	0	3497.5
6.05460643768,13990	0	0	0	3497.5
6.05460643768,13990	0	0	0	3497.5
6.05460643768,13990	0	0	0	3497.5
6.05460643768,13990	0	0	0	3497.5
6.05460643768,13990	0	0	0	3497.5
6.05460643768,13990	0	0	0	3497.5
6.05460643768,13990	0	0	0	3497.5
7.08037209511,13710	0	0	0	3427.5
7.08037209511,13710	0	0	0	3427.5
7.08037209511,13710	0	0	0	3427.5
7.08037209511,13710	0	0	0	3427.5
7.08037209511,13710	0	0	0	3427.5
7.08037209511,13710	0	0	0	3427.5
7.08037209511,13710	0	0	0	3427.5
7.08037209511,13710	0	0	0	3427.5
7.08037209511,13710	0	0	0	3427.5
7.08037209511,13710	0	0	0	3427.5
8.11218595505,13478	0	0	0	3369.5
8.11218595505,13478	0	0	0	3369.5
8.11218595505,13478	0	0	0	3369.5
8.11218595505,13478	0	0	0	3369.5
8.11218595505,13478	0	0	0	3369.5
8.11218595505,13478	0	0	0	3369.5
8.11218595505,13478	0	0	0	3369.5
8.11218595505,13478	0	0	0	3369.5
8.11218595505,13478	0	0	0	3369.5
8.11218595505,13478	0	0	0	3369.5
9.11387133598,13311	0	0	0	3327.75
9.11387133598,13311	0	0	0	3327.75
9.11387133598,13311	0	0	0	3327.75
9.11387133598,13311	0	0	0	3327.75
9.11387133598,13311	0	0	0	3327.75
9.11387133598,13311	0	0	0	3327.75
9.11387133598,13311	0	0	0	3327.75
9.11387133598,13311	0	0	0	3327.75
9.11387133598,13311	0	0	0	3327.75
9.11387133598,13311	0	0	0	3327.75
10.1228950024,13071	0	0	0	3267.75
10.1228950024,13071	0	0	0	3267.75
10.1228950024,13071	0	0	0	3267.75
10.1228950024,13071	0	0	0	3267.75
10.1228950024,13071	0	0	0	3267.75
10.1228950024,13071	0	0	0	3267.75
10.1228950024,13071	0	0	0	3267.75
10.1228950024,13071	0	0	0	3267.75
10.1228950024,13071	0	0	0	3267.75
10.1228950024,13071	0	0	0	3267.75
11.1349976063,12955	0	0	0	3238.75
11.1349976063,12955	0	0	0	3238.75
11.1349976063,12955	0	0	0	3238.75
11.1349976063,12955	0	0	0	3238.75
11.1349976063,12955	0	0	0	3238.75
11.1349976063,12955	0	0	0	3238.75
11.1349976063,12955	0	0	0	3238.75
11.1349976063,12955	0	0	0	3238.75
11.1349976063,12955	0	0	0	3238.75
11.1349976063,12955	0	0	0	3238.75
12.1394803524,12817	0	0	0	3204.25
12.1394803524,12817	0	0	0	3204.25
12.1394803524,12817	0	0	0	3204.25
12.1394803524,12817	0	0	0	3204.25
12.1394803524,12817	0	0	0	3204.25
12.1394803524,12817	0	0	0	3204.25
12.1394803524,12817	0	0	0	3204.25
12.1394803524,12817	0	0	0	3204.25
12.1394803524,12817	0	0	0	3204.25
12.1394803524,12817	0	0	0	3204.25
12.1394803524,12817	0	0	0	3204.25
13.1504752636,12661	0	0	0	3165.25
13.1504752636,12661	0	0	0	3165.25
13.1504752636,12661	0	0	0	3165.25
13.1504752636,12661	0	0	0	3165.25
13.1504752636,12661	0	0	0	3165.25
13.1504752636,12661	0	0	0	3165.25
13.1504752636,12661	0	0	0	3165.25
13.1504752636,12661	0	0	0	3165.25
13.1504752636,12661	0	0	0	3165.25
13.1504752636,12661	0	0	0	3165.25
14.1671187878,12503	0	0	0	3125.75
14.1671187878,12503	0	0	0	3125.75
14.1671187878,12503	0	0	0	3125.75
14.1671187878,12503	0	0	0	3125.75
14.1671187878,12503	0	0	0	3125.75
14.1671187878,12503	0	0	0	3125.75
14.1671187878,12503	0	0	0	3125.75
14.1671187878,12503	0	0	0	3125.75
14.1671187878,12503	0	0	0	3125.75
14.1671187878,12503	0	0	0	3125.75
15.1711711884,12315	0	0	0	3078.75
15.1711711884,12315	0	0	0	3078.75
15.1711711884,12315	0	0	0	3078.75
15.1711711884,12315	0	0	0	3078.75
15.1711711884,12315	0	0	0	3078.75
15.1711711884,12315	0	0	0	3078.75
15.1711711884,12315	0	0	0	3078.75
15.1711711884,12315	0	0	0	3078.75
15.1711711884,12315	0	0	0	3078.75
15.1711711884,12315	0	0	0	3078.75
16.2019212246,12189	0	0	0	3047.25
16.2019212246,12189	0	0	0	3047.25
16.2019212246,12189	0	0	0	3047.25
16.2019212246,12189	0	0	0	3047.25
16.2019212246,12189	0	0	0	3047.25
16.2019212246,12189	0	0	0	3047.25
16.2019212246,12189	0	0	0	3047.25
16.2019212246,12189	0	0	0	3047.25
16.2019212246,12189	0	0	0	3047.25
16.2019212246,12189	0	0	0	3047.25
17.2153191566,11851	0	0	0	2962.75
17.2153191566,11851	0	0	0	2962.75
17.2153191566,11851	0	0	0	2962.75
17.2153191566,11851	0	0	0	2962.75
17.2153191566,11851	0	0	0	2962.75
17.2153191566,11851	0	0	0	2962.75
17.2153191566,11851	0	0	0	2962.75
17.2153191566,11851	0	0	0	2962.75
17.2153191566,11851	0	0	0	2962.75
17.2153191566,11851	0	0	0	2962.75
18.2202577591,11933	0	0	0	2983.25
18.2202577591,11933	0	0	0	2983.25
18.2202577591,11933	0	0	0	2983.25
18.2202577591,11933	0	0	0	2983.25
18.2202577591,11933	0	0	0	2983.25
18.2202577591,11933	0	0	0	2983.25
18.2202577591,11933	0	0	0	2983.25
18.2202577591,11933	0	0	0	2983.25
18.2202577591,11933	0	0	0	2983.25
18.2202577591,11933	0	0	0	2983.25
19.2297670841,11783	0	0	0	2945.75
19.2297670841,11783	0	0	0	2945.75
19.2297670841,11783	0	0	0	2945.75
19.2297670841,11783	0	0	0	2945.75
19.2297670841,11783	0	0	0	2945.75
19.2297670841,11783	0	0	0	2945.75
19.2297670841,11783	0	0	0	2945.75
19.2297670841,11783	0	0	0	2945.75
19.2297670841,11783	0	0	0	2945.75
19.2297670841,11783	0	0	0	2945.75
20.2335658073,11749	0	0	0	2937.25
20.2335658073,11749	0	0	0	2937.25
20.2335658073,11749	0	0	0	2937.25
20.2335658073,11749	0	0	0	2937.25
20.2335658073,11749	0	0	0	2937.25
20.2335658073,11749	0	0	0	2937.25
20.2335658073,11749	0	0	0	2937.25
20.2335658073,11749	0	0	0	2937.25
20.2335658073,11749	0	0	0	2937.25
20.2335658073,11749	0	0	0	2937.25
21.2498629093,11595	0	0	0	2898.75
21.2498629093,11595	0	0	0	2898.75
21.2498629093,11595	0	0	0	2898.75
21.2498629093,11595	0	0	0	2898.75
21.2498629093,11595	0	0	0	2898.75
21.2498629093,11595	0	0	0	2898.75
21.2498629093,11595	0	0	0	2898.75
21.2498629093,11595	0	0	0	2898.75
21.2498629093,11595	0	0	0	2898.75
21.2498629093,11595	0	0	0	2898.75
21.2498629093,11595	0	0	0	2898.75
22.2795197964,11521	0	0	0	2880.25
22.2795197964,11521	0	0	0	2880.25
22.2795197964,11521	0	0	0	2880.25
22.2795197964,11521	0	0	0	2880.25
22.2795197964,11521	0	0	0	2880.25
22.2795197964,11521	0	0	0	2880.25
22.2795197964,11521	0	0	0	2880.25
22.2795197964,11521	0	0	0	2880.25
22.2795197964,11521	0	0	0	2880.25
22.2795197964,11521	0	0	0	2880.25
23.2897071838,11517	0	0	0	2879.25
23.2897071838,11517	0	0	0	2879.25
23.2897071838,11517	0	0	0	2879.25
23.2897071838,11517	0	0	0	2879.25
23.2897071838,11517	0	0	0	2879.25
23.2897071838,11517	0	0	0	2879.25
23.2897071838,11517	0	0	0	2879.25
23.2897071838,11517	0	0	0	2879.25
23.2897071838,11517	0	0	0	2879.25
23.2897071838,11517	0	0	0	2879.25
24.3095400333,11521	0	0	0	2880.25
24.3095400333,11521	0	0	0	2880.25
24.3095400333,11521	0	0	0	2880.25
24.3095400333,11521	0	0	0	2880.25
24.3095400333,11521	0	0	0	2880.25
24.3095400333,11521	0	0	0	2880.25
24.3095400333,11521	0	0	0	2880.25
24.3095400333,11521	0	0	0	2880.25
24.3095400333,11521	0	0	0	2880.25
24.3095400333,11521	0	0	0	2880.25
25.3280591965,11526	0	0	0	2881.5
25.3280591965,11526	0	0	0	2881.5
25.3280591965,11526	0	0	0	2881.5
