0.0,10526	0	0	0	2631.5
0.0,10526	0	0	0	2631.5
0.0,10526	0	0	0	2631.5
0.0,10526	0	0	0	2631.5
0.0,10526	0	0	0	2631.5
0.0,10526	0	0	0	2631.5
0.0,10526	0	0	0	2631.5
0.0,10526	0	0	0	2631.5
0.0,10526	0	0	0	2631.5
0.0,10526	0	0	0	2631.5
1.01498150826,10478	0	0	0	2619.5
1.01498150826,10478	0	0	0	2619.5
1.01498150826,10478	0	0	0	2619.5
1.01498150826,10478	0	0	0	2619.5
1.01498150826,10478	0	0	0	2619.5
1.01498150826,10478	0	0	0	2619.5
1.01498150826,10478	0	0	0	2619.5
1.01498150826,10478	0	0	0	2619.5
1.01498150826,10478	0	0	0	2619.5
1.01498150826,10478	0	0	0	2619.5
2.03196358681,10478	0	0	0	2619.5
2.03196358681,10478	0	0	0	2619.5
2.03196358681,10478	0	0	0	2619.5
2.03196358681,10478	0	0	0	2619.5
2.03196358681,10478	0	0	0	2619.5
2.03196358681,10478	0	0	0	2619.5
2.03196358681,10478	0	0	0	2619.5
2.03196358681,10478	0	0	0	2619.5
2.03196358681,10478	0	0	0	2619.5
2.03196358681,10478	0	0	0	2619.5
3.03521585464,10552	0	0	0	2638.0
3.03521585464,10552	0	0	0	2638.0
3.03521585464,10552	0	0	0	2638.0
3.03521585464,10552	0	0	0	2638.0
3.03521585464,10552	0	0	0	2638.0
3.03521585464,10552	0	0	0	2638.0
3.03521585464,10552	0	0	0	2638.0
3.03521585464,10552	0	0	0	2638.0
3.03521585464,10552	0	0	0	2638.0
3.03521585464,10552	0	0	0	2638.0
4.05159211159,10546	0	0	0	2636.5
4.05159211159,10546	0	0	0	2636.5
4.05159211159,10546	0	0	0	2636.5
4.05159211159,10546	0	0	0	2636.5
4.05159211159,10546	0	0	0	2636.5
4.05159211159,10546	0	0	0	2636.5
4.05159211159,10546	0	0	0	2636.5
4.05159211159,10546	0	0	0	2636.5
4.05159211159,10546	0	0	0	2636.5
4.05159211159,10546	0	0	0	2636.5
5.05582118034,10501	0	0	0	2625.25
5.05582118034,10501	0	0	0	2625.25
5.05582118034,10501	0	0	0	2625.25
5.05582118034,10501	0	0	0	2625.25
5.05582118034,10501	0	0	0	2625.25
5.05582118034,10501	0	0	0	2625.25
5.05582118034,10501	0	0	0	2625.25
5.05582118034,10501	0	0	0	2625.25
5.05582118034,10501	0	0	0	2625.25
5.05582118034,10501	0	0	0	2625.25
6.05696797371,10530	0	0	0	2632.5
6.05696797371,10530	0	0	0	2632.5
6.05696797371,10530	0	0	0	2632.5
6.05696797371,10530	0	0	0	2632.5
6.05696797371,10530	0	0	0	2632.5
6.05696797371,10530	0	0	0	2632.5
6.05696797371,10530	0	0	0	2632.5
6.05696797371,10530	0	0	0	2632.5
6.05696797371,10530	0	0	0	2632.5
6.05696797371,10530	0	0	0	2632.5
7.07185721397,10510	0	0	0	2627.5
7.07185721397,10510	0	0	0	2627.5
7.07185721397,10510	0	0	0	2627.5
7.07185721397,10510	0	0	0	2627.5
7.07185721397,10510	0	0	0	2627.5
7.07185721397,10510	0	0	0	2627.5
7.07185721397,10510	0	0	0	2627.5
7.07185721397,10510	0	0	0	2627.5
7.07185721397,10510	0	0	0	2627.5
7.07185721397,10510	0	0	0	2627.5
8.07891702652,10483	0	0	0	2620.75
8.07891702652,10483	0	0	0	2620.75
8.07891702652,10483	0	0	0	2620.75
8.07891702652,10483	0	0	0	2620.75
8.07891702652,10483	0	0	0	2620.75
8.07891702652,10483	0	0	0	2620.75
8.07891702652,10483	0	0	0	2620.75
8.07891702652,10483	0	0	0	2620.75
8.07891702652,10483	0	0	0	2620.75
8.07891702652,10483	0	0	0	2620.75
8.07891702652,10483	0	0	0	2620.75
9.09023523331,10458	0	0	0	2614.5
9.09023523331,10458	0	0	0	2614.5
9.09023523331,10458	0	0	0	2614.5
9.09023523331,10458	0	0	0	2614.5
9.09023523331,10458	0	0	0	2614.5
9.09023523331,10458	0	0	0	2614.5
9.09023523331,10458	0	0	0	2614.5
9.09023523331,10458	0	0	0	2614.5
9.09023523331,10458	0	0	0	2614.5
10.0962438583,10444	0	0	0	2611.0
10.0962438583,10444	0	0	0	2611.0
10.0962438583,10444	0	0	0	2611.0
10.0962438583,10444	0	0	0	2611.0
10.0962438583,10444	0	0	0	2611.0
10.0962438583,10444	0	0	0	2611.0
10.0962438583,10444	0	0	0	2611.0
10.0962438583,10444	0	0	0	2611.0
10.0962438583,10444	0	0	0	2611.0
10.0962438583,10444	0	0	0	2611.0
11.1152918339,10486	0	0	0	2621.5
11.1152918339,10486	0	0	0	2621.5
11.1152918339,10486	0	0	0	2621.5
11.1152918339,10486	0	0	0	2621.5
11.1152918339,10486	0	0	0	2621.5
11.1152918339,10486	0	0	0	2621.5
11.1152918339,10486	0	0	0	2621.5
11.1152918339,10486	0	0	0	2621.5
11.1152918339,10486	0	0	0	2621.5
11.1152918339,10486	0	0	0	2621.5
11.1152918339,10486	0	0	0	2621.5
12.1252708435,10451	0	0	0	2612.75
12.1252708435,10451	0	0	0	2612.75
12.1252708435,10451	0	0	0	2612.75
12.1252708435,10451	0	0	0	2612.75
12.1252708435,10451	0	0	0	2612.75
12.1252708435,10451	0	0	0	2612.75
12.1252708435,10451	0	0	0	2612.75
12.1252708435,10451	0	0	0	2612.75
12.1252708435,10451	0	0	0	2612.75
12.1252708435,10451	0	0	0	2612.75
13.1374747753,10501	0	0	0	2625.25
13.1374747753,10501	0	0	0	2625.25
13.1374747753,10501	0	0	0	2625.25
13.1374747753,10501	0	0	0	2625.25
13.1374747753,10501	0	0	0	2625.25
13.1374747753,10501	0	0	0	2625.25
13.1374747753,10501	0	0	0	2625.25
13.1374747753,10501	0	0	0	2625.25
13.1374747753,10501	0	0	0	2625.25
13.1374747753,10501	0	0	0	2625.25
14.1577620506,10455	0	0	0	2613.75
14.1577620506,10455	0	0	0	2613.75
14.1577620506,10455	0	0	0	2613.75
14.1577620506,10455	0	0	0	2613.75
14.1577620506,10455	0	0	0	2613.75
14.1577620506,10455	0	0	0	2613.75
14.1577620506,10455	0	0	0	2613.75
14.1577620506,10455	0	0	0	2613.75
14.1577620506,10455	0	0	0	2613.75
14.1577620506,10455	0	0	0	2613.75
15.1656284332,10470	0	0	0	2617.5
15.1656284332,10470	0	0	0	2617.5
15.1656284332,10470	0	0	0	2617.5
15.1656284332,10470	0	0	0	2617.5
15.1656284332,10470	0	0	0	2617.5
15.1656284332,10470	0	0	0	2617.5
15.1656284332,10470	0	0	0	2617.5
15.1656284332,10470	0	0	0	2617.5
15.1656284332,10470	0	0	0	2617.5
15.1656284332,10470	0	0	0	2617.5
16.1758489609,10419	0	0	0	2604.75
16.1758489609,10419	0	0	0	2604.75
16.1758489609,10419	0	0	0	2604.75
16.1758489609,10419	0	0	0	2604.75
16.1758489609,10419	0	0	0	2604.75
16.1758489609,10419	0	0	0	2604.75
16.1758489609,10419	0	0	0	2604.75
16.1758489609,10419	0	0	0	2604.75
16.1758489609,10419	0	0	0	2604.75
16.1758489609,10419	0	0	0	2604.75
17.188577652,10397	0	0	0	2599.25
17.188577652,10397	0	0	0	2599.25
17.188577652,10397	0	0	0	2599.25
17.188577652,10397	0	0	0	2599.25
17.188577652,10397	0	0	0	2599.25
17.188577652,10397	0	0	0	2599.25
17.188577652,10397	0	0	0	2599.25
17.188577652,10397	0	0	0	2599.25
17.188577652,10397	0	0	0	2599.25
17.188577652,10397	0	0	0	2599.25
17.188577652,10397	0	0	0	2599.25
18.1892786026,10379	0	0	0	2594.75
18.1892786026,10379	0	0	0	2594.75
18.1892786026,10379	0	0	0	2594.75
18.1892786026,10379	0	0	0	2594.75
18.1892786026,10379	0	0	0	2594.75
18.1892786026,10379	0	0	0	2594.75
18.1892786026,10379	0	0	0	2594.75
18.1892786026,10379	0	0	0	2594.75
18.1892786026,10379	0	0	0	2594.75
19.1977992058,10447	0	0	0	2611.75
19.1977992058,10447	0	0	0	2611.75
19.1977992058,10447	0	0	0	2611.75
19.1977992058,10447	0	0	0	2611.75
19.1977992058,10447	0	0	0	2611.75
19.1977992058,10447	0	0	0	2611.75
19.1977992058,10447	0	0	0	2611.75
19.1977992058,10447	0	0	0	2611.75
19.1977992058,10447	0	0	0	2611.75
19.1977992058,10447	0	0	0	2611.75
19.1977992058,10447	0	0	0	2611.75
20.2054615021,10458	0	0	0	2614.5
20.2054615021,10458	0	0	0	2614.5
20.2054615021,10458	0	0	0	2614.5
20.2054615021,10458	0	0	0	2614.5
20.2054615021,10458	0	0	0	2614.5
20.2054615021,10458	0	0	0	2614.5
20.2054615021,10458	0	0	0	2614.5
20.2054615021,10458	0	0	0	2614.5
20.2054615021,10458	0	0	0	2614.5
20.2054615021,10458	0	0	0	2614.5
21.2096543312,10457	0	0	0	2614.25
21.2096543312,10457	0	0	0	2614.25
21.2096543312,10457	0	0	0	2614.25
21.2096543312,10457	0	0	0	2614.25
21.2096543312,10457	0	0	0	2614.25
21.2096543312,10457	0	0	0	2614.25
21.2096543312,10457	0	0	0	2614.25
21.2096543312,10457	0	0	0	2614.25
21.2096543312,10457	0	0	0	2614.25
21.2096543312,10457	0	0	0	2614.25
22.2159414291,10409	0	0	0	2602.25
22.2159414291,10409	0	0	0	2602.25
22.2159414291,10409	0	0	0	2602.25
22.2159414291,10409	0	0	0	2602.25
22.2159414291,10409	0	0	0	2602.25
22.2159414291,10409	0	0	0	2602.25
22.2159414291,10409	0	0	0	2602.25
22.2159414291,10409	0	0	0	2602.25
22.2159414291,10409	0	0	0	2602.25
22.2159414291,10409	0	0	0	2602.25
23.2262377739,10424	0	0	0	2606.0
23.2262377739,10424	0	0	0	2606.0
23.2262377739,10424	0	0	0	2606.0
23.2262377739,10424	0	0	0	2606.0
23.2262377739,10424	0	0	0	2606.0
23.2262377739,10424	0	0	0	2606.0
23.2262377739,10424	0	0	0	2606.0
23.2262377739,10424	0	0	0	2606.0
23.2262377739,10424	0	0	0	2606.0
23.2262377739,10424	0	0	0	2606.0
24.23889184,10396	0	0	0	2599.0
24.23889184,10396	0	0	0	2599.0
24.23889184,10396	0	0	0	2599.0
24.23889184,10396	0	0	0	2599.0
24.23889184,10396	0	0	0	2599.0
24.23889184,10396	0	0	0	2599.0
24.23889184,10396	0	0	0	2599.0
24.23889184,10396	0	0	0	2599.0
24.23889184,10396	0	0	0	2599.0
24.23889184,10396	0	0	0	2599.0
25.244695425,10436	0	0	0	2609.0
25.244695425,10436	0	0	0	2609.0
25.244695425,10436	0	0	0	2609.0
25.244695425,10436	0	0	0	2609.0
25.244695425,10436	0	0	0	2609.0
25.244695425,10436	0	0	0	2609.0
25.244695425,10436	0	0	0	2609.0
25.244695425,10436	0	0	0	2609.0
25.244695425,10436	0	0	0	2609.0
25.244695425,10436	0	0	0	2609.0
26.2721745968,10375	0	0	0	2593.75
26.2721745968,10375	0	0	0	2593.75
26.2721745968,10375	0	0	0	2593.75
26.2721745968,10375	0	0	0	2593.75
26.2721745968,10375	0	0	0	2593.75
26.2721745968,10375	0	0	0	2593.75
26.2721745968,10375	0	0	0	2593.75
26.2721745968,10375	0	0	0	2593.75
26.2721745968,10375	0	0	0	2593.75
26.2721745968,10375	0	0	0	2593.75
27.2724120617,10432	0	0	0	2608.0
27.2724120617,10432	0	0	0	2608.0
27.2724120617,10432	0	0	0	2608.0
27.2724120617,10432	0	0	0	2608.0
27.2724120617,10432	0	0	0	2608.0
27.2724120617,10432	0	0	0	2608.0
27.2724120617,10432	0	0	0	2608.0
27.2724120617,10432	0	0	0	2608.0
27.2724120617,10432	0	0	0	2608.0
27.2724120617,10432	0	0	0	2608.0
28.2871000767,10387	0	0	0	2596.75
28.2871000767,10387	0	0	0	2596.75
28.2871000767,10387	0	0	0	2596.75
28.2871000767,10387	0	0	0	2596.75
28.2871000767,10387	0	0	0	2596.75
28.2871000767,10387	0	0	0	2596.75
28.2871000767,10387	0	0	0	2596.75
28.2871000767,10387	0	0	0	2596.75
28.2871000767,10387	0	0	0	2596.75
28.2871000767,10387	0	0	0	2596.75
29.3046429157,10419	0	0	0	2604.75
29.3046429157,10419	0	0	0	2604.75
29.3046429157,10419	0	0	0	2604.75
29.3046429157,10419	0	0	0	2604.75
29.3046429157,10419	0	0	0	2604.75
29.3046429157,10419	0	0	0	2604.75
29.3046429157,10419	0	0	0	2604.75
29.3046429157,10419	0	0	0	2604.75
29.3046429157,10419	0	0	0	2604.75
29.3046429157,10419	0	0	0	2604.75
29.3046429157,10419	0	0	0	2604.75
30.3222351074,10409	0	0	0	2602.25
30.3222351074,10409	0	0	0	2602.25
30.3222351074,10409	0	0	0	2602.25
30.3222351074,10409	0	0	0	2602.25
30.3222351074,10409	0	0	0	2602.25
30.3222351074,10409	0	0	0	2602.25
30.3222351074,10409	0	0	0	2602.25
30.3222351074,10409	0	0	0	2602.25
30.3222351074,10409	0	0	0	2602.25
30.3222351074,10409	0	0	0	2602.25
31.3491840363,10375	0	0	0	2593.75
31.3491840363,10375	0	0	0	2593.75
31.3491840363,10375	0	0	0	2593.75
31.3491840363,10375	0	0	0	2593.75
31.3491840363,10375	0	0	0	2593.75
31.3491840363,10375	0	0	0	2593.75
31.3491840363,10375	0	0	0	2593.75
31.3491840363,10375	0	0	0	2593.75
31.3491840363,10375	0	0	0	2593.75
31.3491840363,10375	0	0	0	2593.75
32.3693134785,10387	0	0	0	2596.75
32.3693134785,10387	0	0	0	2596.75
32.3693134785,10387	0	0	0	2596.75
32.3693134785,10387	0	0	0	2596.75
32.3693134785,10387	0	0	0	2596.75
32.3693134785,10387	0	0	0	2596.75
32.3693134785,10387	0	0	0	2596.75
32.3693134785,10387	0	0	0	2596.75
32.3693134785,10387	0	0	0	2596.75
32.3693134785,10387	0	0	0	2596.75
32.3693134785,10387	0	0	0	2596.75
33.3890697956,10367	0	0	0	2591.75
33.3890697956,10367	0	0	0	2591.75
33.3890697956,10367	0	0	0	2591.75
33.3890697956,10367	0	0	0	2591.75
33.3890697956,10367	0	0	0	2591.75
33.3890697956,10367	0	0	0	2591.75
33.3890697956,10367	0	0	0	2591.75
33.3890697956,10367	0	0	0	2591.75
33.3890697956,10367	0	0	0	2591.75
34.4008150101,10421	0	0	0	2605.25
34.4008150101,10421	0	0	0	2605.25
34.4008150101,10421	0	0	0	2605.25
34.4008150101,10421	0	0	0	2605.25
34.4008150101,10421	0	0	0	2605.25
34.4008150101,10421	0	0	0	2605.25
34.4008150101,10421	0	0	0	2605.25
34.4008150101,10421	0	0	0	2605.25
34.4008150101,10421	0	0	0	2605.25
34.4008150101,10421	0	0	0	2605.25
34.4008150101,10421	0	0	0	2605.25
35.4176478386,10401	0	0	0	2600.25
35.4176478386,10401	0	0	0	2600.25
35.4176478386,10401	0	0	0	2600.25
35.4176478386,10401	0	0	0	2600.25
35.4176478386,10401	0	0	0	2600.25
35.4176478386,10401	0	0	0	2600.25
35.4176478386,10401	0	0	0	2600.25
35.4176478386,10401	0	0	0	2600.25
35.4176478386,10401	0	0	0	2600.25
35.4176478386,10401	0	0	0	2600.25
36.4234583378,10392	0	0	0	2598.0
36.4234583378,10392	0	0	0	2598.0
36.4234583378,10392	0	0	0	2598.0
36.4234583378,10392	0	0	0	2598.0
36.4234583378,10392	0	0	0	2598.0
36.4234583378,10392	0	0	0	2598.0
36.4234583378,10392	0	0	0	2598.0
36.4234583378,10392	0	0	0	2598.0
36.4234583378,10392	0	0	0	2598.0
36.4234583378,10392	0	0	0	2598.0
37.4311511517,10428	0	0	0	2607.0
37.4311511517,10428	0	0	0	2607.0
37.4311511517,10428	0	0	0	2607.0
37.4311511517,10428	0	0	0	2607.0
37.4311511517,10428	0	0	0	2607.0
37.4311511517,10428	0	0	0	2607.0
37.4311511517,10428	0	0	0	2607.0
37.4311511517,10428	0	0	0	2607.0
37.4311511517,10428	0	0	0	2607.0
37.4311511517,10428	0	0	0	2607.0
38.4352991581,10396	0	0	0	2599.0
38.4352991581,10396	0	0	0	2599.0
38.4352991581,10396	0	0	0	2599.0
38.4352991581,10396	0	0	0	2599.0
38.4352991581,10396	0	0	0	2599.0
38.4352991581,10396	0	0	0	2599.0
38.4352991581,10396	0	0	0	2599.0
38.4352991581,10396	0	0	0	2599.0
38.4352991581,10396	0	0	0	2599.0
38.4352991581,10396	0	0	0	2599.0
39.4522638321,10372	0	0	0	2593.0
39.4522638321,10372	0	0	0	2593.0
39.4522638321,10372	0	0	0	2593.0
39.4522638321,10372	0	0	0	2593.0
39.4522638321,10372	0	0	0	2593.0
39.4522638321,10372	0	0	0	2593.0
39.4522638321,10372	0	0	0	2593.0
39.4522638321,10372	0	0	0	2593.0
39.4522638321,10372	0	0	0	2593.0
39.4522638321,10372	0	0	0	2593.0
40.4682459831,10382	0	0	0	2595.5
40.4682459831,10382	0	0	0	2595.5
40.4682459831,10382	0	0	0	2595.5
40.4682459831,10382	0	0	0	2595.5
40.4682459831,10382	0	0	0	2595.5
40.4682459831,10382	0	0	0	2595.5
40.4682459831,10382	0	0	0	2595.5
40.4682459831,10382	0	0	0	2595.5
40.4682459831,10382	0	0	0	2595.5
40.4682459831,10382	0	0	0	2595.5
41.4767713547,10372	0	0	0	2593.0
41.4767713547,10372	0	0	0	2593.0
41.4767713547,10372	0	0	0	2593.0
41.4767713547,10372	0	0	0	2593.0
41.4767713547,10372	0	0	0	2593.0
41.4767713547,10372	0	0	0	2593.0
41.4767713547,10372	0	0	0	2593.0
41.4767713547,10372	0	0	0	2593.0
41.4767713547,10372	0	0	0	2593.0
41.4767713547,10372	0	0	0	2593.0
42.4805884361,10372	0	0	0	2593.0
42.4805884361,10372	0	0	0	2593.0
42.4805884361,10372	0	0	0	2593.0
42.4805884361,10372	0	0	0	2593.0
42.4805884361,10372	0	0	0	2593.0
42.4805884361,10372	0	0	0	2593.0
42.4805884361,10372	0	0	0	2593.0
42.4805884361,10372	0	0	0	2593.0
42.4805884361,10372	0	0	0	2593.0
42.4805884361,10372	0	0	0	2593.0
43.50061059,10413	0	0	0	2603.25
43.50061059,10413	0	0	0	2603.25
43.50061059,10413	0	0	0	2603.25
43.50061059,10413	0	0	0	2603.25
43.50061059,10413	0	0	0	2603.25
43.50061059,10413	0	0	0	2603.25
43.50061059,10413	0	0	0	2603.25
43.50061059,10413	0	0	0	2603.25
43.50061059,10413	0	0	0	2603.25
43.50061059,10413	0	0	0	2603.25
43.50061059,10413	0	0	0	2603.25
44.5202286243,10298	0	0	0	2574.5
44.5202286243,10298	0	0	0	2574.5
44.5202286243,10298	0	0	0	2574.5
44.5202286243,10298	0	0	0	2574.5
44.5202286243,10298	0	0	0	2574.5
44.5202286243,10298	0	0	0	2574.5
44.5202286243,10298	0	0	0	2574.5
